 YY XX    OLR1   U8501    OLR2   U8502    OLR3    U8503   OLR4   U8504
  1  1  0.0012  0.0056  0.0009  0.0016  0.0056  0.0090  0.0019 -0.0005
  1  2 -0.0002  0.0073  0.0006  0.0021  0.0069  0.0091  0.0029 -0.0003
  1  3 -0.0008  0.0086  0.0004  0.0023  0.0048  0.0082  0.0016 -0.0011
  1  4 -0.0010  0.0089  0.0011  0.0022  0.0055  0.0072  0.0013 -0.0027
  1  5 -0.0010  0.0083  0.0024  0.0020  0.0057  0.0065  0.0013 -0.0044
  1  6 -0.0010  0.0077  0.0037  0.0012  0.0070  0.0055  0.0024 -0.0056
  1  7 -0.0026  0.0074  0.0056 -0.0001  0.0066  0.0042  0.0032 -0.0064
  1  8 -0.0047  0.0073  0.0066 -0.0013  0.0071  0.0040  0.0036 -0.0073
  1  9 -0.0069  0.0075  0.0066 -0.0016  0.0071  0.0054  0.0045 -0.0084
  1 10 -0.0083  0.0080  0.0067 -0.0012  0.0083  0.0072  0.0051 -0.0093
  1 11 -0.0103  0.0084  0.0067 -0.0007  0.0070  0.0079  0.0054 -0.0093
  1 12 -0.0117  0.0084  0.0054 -0.0002  0.0042  0.0077  0.0059 -0.0084
  1 13 -0.0130  0.0082  0.0046  0.0006  0.0000  0.0078  0.0049 -0.0070
  1 14 -0.0144  0.0079  0.0056  0.0022 -0.0051  0.0081  0.0042 -0.0059
  1 15 -0.0173  0.0074  0.0081  0.0043 -0.0104  0.0077  0.0040 -0.0056
  1 16 -0.0202  0.0066  0.0087  0.0060 -0.0146  0.0058  0.0056 -0.0059
  1 17 -0.0225  0.0053  0.0104  0.0072 -0.0184  0.0035  0.0077 -0.0061
  1 18 -0.0256  0.0039  0.0118  0.0078 -0.0218  0.0018  0.0055 -0.0059
  1 19 -0.0264  0.0029  0.0113  0.0082 -0.0227  0.0011  0.0039 -0.0056
  1 20 -0.0271  0.0020  0.0094  0.0085 -0.0255  0.0009  0.0006 -0.0059
  1 21 -0.0261  0.0014  0.0088  0.0088 -0.0291  0.0015  0.0013 -0.0071
  1 22 -0.0246  0.0017  0.0076  0.0088 -0.0301  0.0035  0.0019 -0.0082
  1 23 -0.0222  0.0034  0.0052  0.0085 -0.0277  0.0073 -0.0001 -0.0079
  1 24 -0.0172  0.0058  0.0018  0.0085 -0.0272  0.0119 -0.0023 -0.0058
  1 25 -0.0134  0.0076 -0.0009  0.0088 -0.0253  0.0162 -0.0020 -0.0028
  1 26 -0.0102  0.0077 -0.0025  0.0095 -0.0208  0.0186 -0.0032 -0.0002
  1 27 -0.0065  0.0064 -0.0032  0.0100 -0.0179  0.0185 -0.0036  0.0009
  1 28 -0.0049  0.0045 -0.0029  0.0102 -0.0142  0.0163 -0.0039  0.0011
  1 29 -0.0039  0.0028 -0.0038  0.0106 -0.0126  0.0137 -0.0032  0.0011
  1 30 -0.0027  0.0019 -0.0039  0.0112 -0.0108  0.0117 -0.0032  0.0015
  1 31 -0.0020  0.0017 -0.0047  0.0119 -0.0098  0.0106 -0.0031  0.0021
  1 32 -0.0015  0.0013 -0.0047  0.0126 -0.0088  0.0097 -0.0031  0.0027
  1 33 -0.0006 -0.0004 -0.0061  0.0134 -0.0076  0.0088 -0.0027  0.0035
  1 34  0.0001 -0.0031 -0.0057  0.0139 -0.0072  0.0078 -0.0025  0.0046
  1 35  0.0008 -0.0054 -0.0043  0.0138 -0.0061  0.0068 -0.0027  0.0061
  1 36  0.0015 -0.0060 -0.0055  0.0132 -0.0059  0.0057 -0.0006  0.0080
  1 37  0.0015 -0.0053 -0.0056  0.0126 -0.0061  0.0050 -0.0014  0.0104
  1 38  0.0017 -0.0047 -0.0056  0.0120 -0.0056  0.0049 -0.0012  0.0131
  1 39  0.0024 -0.0048 -0.0061  0.0115 -0.0047  0.0055 -0.0004  0.0148
  1 40  0.0024 -0.0050 -0.0066  0.0109 -0.0028  0.0060  0.0011  0.0146
  1 41  0.0019 -0.0048 -0.0069  0.0106 -0.0011  0.0057  0.0006  0.0128
  1 42  0.0029 -0.0044 -0.0065  0.0104 -0.0003  0.0042  0.0023  0.0106
  1 43  0.0037 -0.0044 -0.0066  0.0099  0.0017  0.0025  0.0037  0.0090
  1 44  0.0045 -0.0050 -0.0058  0.0086  0.0064  0.0012  0.0031  0.0079
  1 45  0.0023 -0.0063 -0.0042  0.0070  0.0082  0.0005  0.0053  0.0068
  1 46  0.0009 -0.0085 -0.0031  0.0063  0.0097  0.0000  0.0057  0.0057
  1 47  0.0005 -0.0115 -0.0009  0.0063  0.0127 -0.0008  0.0082  0.0049
  1 48 -0.0005 -0.0147 -0.0002  0.0063  0.0138 -0.0021  0.0092  0.0040
  1 49 -0.0004 -0.0172 -0.0008  0.0054  0.0148 -0.0036  0.0068  0.0021
  2  1  0.0013  0.0063  0.0022  0.0022  0.0097  0.0107  0.0022  0.0003
  2  2 -0.0002  0.0090  0.0019  0.0032  0.0093  0.0118  0.0031  0.0003
  2  3 -0.0004  0.0110  0.0026  0.0037  0.0085  0.0110  0.0034 -0.0013
  2  4 -0.0008  0.0115  0.0035  0.0036  0.0086  0.0097  0.0027 -0.0040
  2  5 -0.0010  0.0114  0.0047  0.0030  0.0085  0.0088  0.0016 -0.0067
  2  6 -0.0014  0.0116  0.0069  0.0021  0.0099  0.0085  0.0013 -0.0085
  2  7 -0.0027  0.0127  0.0087  0.0009  0.0114  0.0090  0.0024 -0.0095
  2  8 -0.0043  0.0141  0.0092  0.0000  0.0119  0.0109  0.0033 -0.0109
  2  9 -0.0071  0.0155  0.0098 -0.0004  0.0120  0.0139  0.0038 -0.0130
  2 10 -0.0092  0.0168  0.0101 -0.0005  0.0118  0.0165  0.0039 -0.0149
  2 11 -0.0097  0.0176  0.0114 -0.0006  0.0121  0.0179  0.0065 -0.0156
  2 12 -0.0126  0.0181  0.0091 -0.0003  0.0066  0.0190  0.0056 -0.0146
  2 13 -0.0142  0.0182  0.0081  0.0012  0.0003  0.0213  0.0040 -0.0128
  2 14 -0.0157  0.0183  0.0099  0.0037 -0.0044  0.0247  0.0039 -0.0118
  2 15 -0.0177  0.0180  0.0114  0.0066 -0.0088  0.0272  0.0049 -0.0120
  2 16 -0.0206  0.0167  0.0129  0.0091 -0.0138  0.0275  0.0046 -0.0129
  2 17 -0.0243  0.0146  0.0148  0.0105 -0.0175  0.0257  0.0046 -0.0134
  2 18 -0.0269  0.0122  0.0168  0.0111 -0.0231  0.0228  0.0050 -0.0129
  2 19 -0.0280  0.0098  0.0175  0.0110 -0.0266  0.0193  0.0029 -0.0123
  2 20 -0.0289  0.0073  0.0155  0.0107 -0.0289  0.0161  0.0001 -0.0125
  2 21 -0.0296  0.0051  0.0143  0.0103 -0.0321  0.0146 -0.0019 -0.0133
  2 22 -0.0274  0.0043  0.0109  0.0099 -0.0356  0.0160 -0.0013 -0.0132
  2 23 -0.0251  0.0051  0.0073  0.0097 -0.0355  0.0196 -0.0007 -0.0113
  2 24 -0.0222  0.0059  0.0031  0.0104 -0.0343  0.0236 -0.0010 -0.0080
  2 25 -0.0190  0.0050 -0.0005  0.0118 -0.0314  0.0258 -0.0019 -0.0050
  2 26 -0.0156  0.0023 -0.0027  0.0134 -0.0285  0.0248 -0.0022 -0.0035
  2 27 -0.0129 -0.0004 -0.0026  0.0141 -0.0235  0.0207 -0.0034 -0.0032
  2 28 -0.0090 -0.0023 -0.0044  0.0141 -0.0186  0.0152 -0.0046 -0.0031
  2 29 -0.0076 -0.0034 -0.0054  0.0140 -0.0148  0.0105 -0.0049 -0.0023
  2 30 -0.0066 -0.0043 -0.0062  0.0142 -0.0135  0.0079 -0.0050 -0.0010
  2 31 -0.0053 -0.0044 -0.0050  0.0142 -0.0117  0.0069 -0.0044  0.0001
  2 32 -0.0042 -0.0036 -0.0055  0.0138 -0.0098  0.0059 -0.0034  0.0009
  2 33 -0.0028 -0.0027 -0.0052  0.0133 -0.0091  0.0042 -0.0038  0.0022
  2 34 -0.0002 -0.0026 -0.0059  0.0130 -0.0075  0.0025 -0.0048  0.0045
  2 35  0.0012 -0.0033 -0.0059  0.0128 -0.0062  0.0018 -0.0055  0.0074
  2 36  0.0016 -0.0037 -0.0050  0.0120 -0.0065  0.0024 -0.0037  0.0099
  2 37  0.0017 -0.0031 -0.0059  0.0104 -0.0063  0.0041 -0.0028  0.0114
  2 38  0.0016 -0.0017 -0.0068  0.0083 -0.0049  0.0062 -0.0038  0.0120
  2 39  0.0026  0.0001 -0.0077  0.0060 -0.0043  0.0078 -0.0054  0.0120
  2 40  0.0015  0.0021 -0.0100  0.0043 -0.0047  0.0079 -0.0060  0.0113
  2 41  0.0012  0.0033 -0.0113  0.0037 -0.0029  0.0063 -0.0066  0.0103
  2 42  0.0017  0.0027 -0.0098  0.0039 -0.0011  0.0035 -0.0044  0.0095
  2 43  0.0042  0.0002 -0.0105  0.0042  0.0002  0.0010 -0.0021  0.0091
  2 44  0.0028 -0.0032 -0.0092  0.0036  0.0052 -0.0006  0.0012  0.0086
  2 45 -0.0003 -0.0063 -0.0089  0.0025  0.0081 -0.0018  0.0062  0.0072
  2 46 -0.0005 -0.0092 -0.0087  0.0019  0.0132 -0.0037  0.0054  0.0050
  2 47  0.0004 -0.0124 -0.0075  0.0021  0.0149 -0.0070  0.0059  0.0027
  2 48 -0.0012 -0.0158 -0.0073  0.0022  0.0153 -0.0109  0.0053  0.0006
  2 49 -0.0034 -0.0184 -0.0055  0.0014  0.0148 -0.0143  0.0038 -0.0016
  3  1  0.0005  0.0053  0.0028  0.0027  0.0110  0.0084  0.0033  0.0001
  3  2 -0.0005  0.0085  0.0045  0.0037  0.0107  0.0105  0.0038 -0.0001
  3  3 -0.0007  0.0111  0.0059  0.0037  0.0103  0.0110  0.0026 -0.0023
  3  4 -0.0016  0.0124  0.0062  0.0030  0.0101  0.0108  0.0024 -0.0056
  3  5 -0.0020  0.0133  0.0070  0.0019  0.0113  0.0111  0.0013 -0.0087
  3  6 -0.0015  0.0149  0.0084  0.0010  0.0127  0.0124 -0.0001 -0.0106
  3  7 -0.0006  0.0175  0.0099  0.0004  0.0154  0.0149 -0.0013 -0.0116
  3  8 -0.0023  0.0203  0.0112  0.0000  0.0158  0.0186 -0.0008 -0.0128
  3  9 -0.0035  0.0226  0.0113 -0.0005  0.0153  0.0228 -0.0002 -0.0148
  3 10 -0.0060  0.0243  0.0140 -0.0016  0.0130  0.0265 -0.0007 -0.0169
  3 11 -0.0090  0.0255  0.0118 -0.0027  0.0108  0.0292  0.0005 -0.0182
  3 12 -0.0110  0.0264  0.0109 -0.0027  0.0057  0.0323  0.0028 -0.0181
  3 13 -0.0127  0.0275  0.0109 -0.0012  0.0008  0.0373  0.0007 -0.0171
  3 14 -0.0146  0.0290  0.0124  0.0016 -0.0038  0.0439  0.0008 -0.0165
  3 15 -0.0184  0.0301  0.0168  0.0048 -0.0092  0.0502  0.0030 -0.0169
  3 16 -0.0209  0.0299  0.0188  0.0079 -0.0139  0.0543  0.0011 -0.0177
  3 17 -0.0235  0.0284  0.0215  0.0103 -0.0171  0.0552  0.0029 -0.0179
  3 18 -0.0256  0.0261  0.0209  0.0118 -0.0207  0.0528  0.0033 -0.0174
  3 19 -0.0268  0.0231  0.0202  0.0123 -0.0240  0.0476  0.0020 -0.0170
  3 20 -0.0289  0.0190  0.0195  0.0119 -0.0268  0.0414 -0.0001 -0.0171
  3 21 -0.0302  0.0148  0.0186  0.0113 -0.0291  0.0367 -0.0009 -0.0168
  3 22 -0.0308  0.0115  0.0155  0.0108 -0.0335  0.0348 -0.0012 -0.0147
  3 23 -0.0283  0.0092  0.0119  0.0111 -0.0372  0.0349 -0.0006 -0.0109
  3 24 -0.0248  0.0060  0.0081  0.0127 -0.0354  0.0349  0.0029 -0.0068
  3 25 -0.0255  0.0005  0.0050  0.0157 -0.0310  0.0328  0.0033 -0.0044
  3 26 -0.0199 -0.0054  0.0003  0.0184 -0.0257  0.0277 -0.0019 -0.0041
  3 27 -0.0197 -0.0087 -0.0004  0.0193 -0.0231  0.0203 -0.0017 -0.0047
  3 28 -0.0183 -0.0088 -0.0024  0.0186 -0.0209  0.0127 -0.0018 -0.0048
  3 29 -0.0167 -0.0083 -0.0037  0.0174 -0.0192  0.0075 -0.0041 -0.0037
  3 30 -0.0152 -0.0091 -0.0041  0.0168 -0.0163  0.0055 -0.0069 -0.0018
  3 31 -0.0151 -0.0105 -0.0040  0.0164 -0.0149  0.0053 -0.0057 -0.0001
  3 32 -0.0126 -0.0102 -0.0055  0.0156 -0.0146  0.0046 -0.0071  0.0010
  3 33 -0.0076 -0.0079 -0.0050  0.0145 -0.0096  0.0024 -0.0081  0.0021
  3 34 -0.0053 -0.0053 -0.0053  0.0137 -0.0091 -0.0004 -0.0068  0.0037
  3 35 -0.0024 -0.0037 -0.0040  0.0130 -0.0076 -0.0018 -0.0077  0.0060
  3 36 -0.0005 -0.0028 -0.0062  0.0119 -0.0070 -0.0013 -0.0062  0.0079
  3 37  0.0000 -0.0018 -0.0094  0.0099 -0.0057  0.0006 -0.0066  0.0086
  3 38  0.0003 -0.0002 -0.0086  0.0074 -0.0051  0.0025 -0.0093  0.0083
  3 39 -0.0008  0.0016 -0.0080  0.0052 -0.0043  0.0032 -0.0082  0.0077
  3 40 -0.0028  0.0032 -0.0087  0.0038 -0.0033  0.0022 -0.0077  0.0076
  3 41 -0.0004  0.0034 -0.0117  0.0036  0.0002 -0.0005 -0.0043  0.0080
  3 42  0.0006  0.0011 -0.0143  0.0041  0.0036 -0.0038 -0.0028  0.0089
  3 43  0.0064 -0.0032 -0.0200  0.0045  0.0107 -0.0062 -0.0002  0.0096
  3 44  0.0038 -0.0077 -0.0193  0.0036  0.0098 -0.0075  0.0041  0.0092
  3 45  0.0008 -0.0110 -0.0151  0.0018  0.0100 -0.0090  0.0036  0.0071
  3 46 -0.0020 -0.0132 -0.0129  0.0001  0.0125 -0.0120  0.0057  0.0039
  3 47 -0.0032 -0.0153 -0.0125 -0.0008  0.0104 -0.0165  0.0050  0.0008
  3 48 -0.0037 -0.0172 -0.0125 -0.0015  0.0109 -0.0212  0.0040 -0.0016
  3 49 -0.0040 -0.0183 -0.0109 -0.0026  0.0116 -0.0244  0.0010 -0.0032
  4  1  0.0009  0.0037  0.0035  0.0033  0.0114  0.0052  0.0009  0.0008
  4  2  0.0001  0.0068  0.0043  0.0042  0.0106  0.0089  0.0019  0.0007
  4  3 -0.0003  0.0099  0.0050  0.0040  0.0105  0.0121  0.0013 -0.0009
  4  4 -0.0004  0.0121  0.0054  0.0029  0.0106  0.0147 -0.0009 -0.0035
  4  5 -0.0011  0.0140  0.0065  0.0015  0.0119  0.0173 -0.0021 -0.0061
  4  6 -0.0022  0.0165  0.0078  0.0004  0.0148  0.0203 -0.0010 -0.0080
  4  7 -0.0011  0.0195  0.0110  0.0000  0.0173  0.0237 -0.0012 -0.0091
  4  8 -0.0009  0.0225  0.0126 -0.0002  0.0165  0.0277 -0.0009 -0.0100
  4  9 -0.0030  0.0249  0.0139 -0.0007  0.0136  0.0320 -0.0025 -0.0112
  4 10 -0.0078  0.0267  0.0114 -0.0019  0.0088  0.0363 -0.0010 -0.0130
  4 11 -0.0109  0.0281  0.0081 -0.0031  0.0036  0.0406  0.0011 -0.0148
  4 12 -0.0125  0.0294  0.0093 -0.0032 -0.0008  0.0453 -0.0002 -0.0160
  4 13 -0.0146  0.0315  0.0129 -0.0021 -0.0054  0.0515 -0.0032 -0.0164
  4 14 -0.0169  0.0344  0.0132 -0.0002 -0.0107  0.0593 -0.0011 -0.0165
  4 15 -0.0223  0.0370  0.0166  0.0023 -0.0170  0.0678  0.0024 -0.0166
  4 16 -0.0255  0.0385  0.0229  0.0054 -0.0213  0.0752  0.0026 -0.0164
  4 17 -0.0273  0.0384  0.0257  0.0091 -0.0227  0.0799  0.0027 -0.0158
  4 18 -0.0286  0.0371  0.0278  0.0123 -0.0258  0.0802  0.0034 -0.0154
  4 19 -0.0290  0.0346  0.0249  0.0141 -0.0290  0.0759  0.0049 -0.0155
  4 20 -0.0296  0.0303  0.0239  0.0143 -0.0298  0.0684  0.0028 -0.0160
  4 21 -0.0310  0.0249  0.0205  0.0134 -0.0317  0.0599  0.0019 -0.0155
  4 22 -0.0286  0.0197  0.0179  0.0120 -0.0323  0.0521  0.0035 -0.0129
  4 23 -0.0261  0.0144  0.0163  0.0113 -0.0328  0.0451  0.0033 -0.0090
  4 24 -0.0246  0.0074  0.0133  0.0127 -0.0293  0.0386  0.0043 -0.0055
  4 25 -0.0195 -0.0016  0.0061  0.0162 -0.0222  0.0321  0.0039 -0.0037
  4 26 -0.0172 -0.0094 -0.0038  0.0201 -0.0230  0.0253  0.0006 -0.0034
  4 27 -0.0263 -0.0124  0.0003  0.0219 -0.0206  0.0180 -0.0007 -0.0036
  4 28 -0.0290 -0.0107  0.0022  0.0209 -0.0171  0.0114 -0.0034 -0.0036
  4 29 -0.0279 -0.0086  0.0029  0.0188 -0.0138  0.0070 -0.0070 -0.0029
  4 30 -0.0245 -0.0096 -0.0020  0.0171 -0.0149  0.0053 -0.0071 -0.0017
  4 31 -0.0229 -0.0128 -0.0042  0.0163 -0.0148  0.0052 -0.0049 -0.0003
  4 32 -0.0208 -0.0150 -0.0058  0.0159 -0.0152  0.0044 -0.0081  0.0009
  4 33 -0.0086 -0.0148 -0.0072  0.0159 -0.0077  0.0021 -0.0060  0.0012
  4 34 -0.0083 -0.0130 -0.0077  0.0164 -0.0084 -0.0009 -0.0026  0.0009
  4 35 -0.0066 -0.0109 -0.0091  0.0168 -0.0082 -0.0034 -0.0082  0.0007
  4 36 -0.0060 -0.0085 -0.0085  0.0166 -0.0080 -0.0051 -0.0100  0.0009
  4 37 -0.0079 -0.0059 -0.0105  0.0155 -0.0072 -0.0066 -0.0089  0.0015
  4 38 -0.0064 -0.0038 -0.0103  0.0143 -0.0051 -0.0085 -0.0060  0.0023
  4 39 -0.0099 -0.0032 -0.0084  0.0134 -0.0017 -0.0108 -0.0030  0.0033
  4 40 -0.0034 -0.0041 -0.0141  0.0131  0.0024 -0.0134  0.0003  0.0048
  4 41  0.0013 -0.0064 -0.0204  0.0130  0.0073 -0.0158  0.0002  0.0067
  4 42  0.0004 -0.0097 -0.0230  0.0129  0.0103 -0.0175  0.0015  0.0085
  4 43  0.0007 -0.0133 -0.0249  0.0120  0.0108 -0.0185  0.0014  0.0092
  4 44 -0.0005 -0.0160 -0.0245  0.0097  0.0098 -0.0192  0.0038  0.0082
  4 45  0.0013 -0.0171 -0.0237  0.0063  0.0107 -0.0209  0.0053  0.0058
  4 46 -0.0003 -0.0175 -0.0209  0.0027  0.0099 -0.0240  0.0046  0.0030
  4 47 -0.0004 -0.0178 -0.0206 -0.0002  0.0109 -0.0278  0.0030  0.0008
  4 48  0.0001 -0.0178 -0.0169 -0.0024  0.0110 -0.0306  0.0027 -0.0004
  4 49  0.0001 -0.0169 -0.0127 -0.0044  0.0145 -0.0316  0.0035 -0.0009
  5  1  0.0000  0.0030  0.0031  0.0032  0.0104  0.0040  0.0004  0.0021
  5  2 -0.0014  0.0052  0.0040  0.0044  0.0112  0.0088  0.0014  0.0028
  5  3 -0.0017  0.0083  0.0035  0.0051  0.0113  0.0148 -0.0003  0.0032
  5  4 -0.0015  0.0109  0.0037  0.0049  0.0118  0.0206 -0.0016  0.0031
  5  5 -0.0016  0.0131  0.0065  0.0038  0.0134  0.0256 -0.0013  0.0022
  5  6 -0.0032  0.0153  0.0095  0.0026  0.0156  0.0297  0.0006  0.0009
  5  7 -0.0040  0.0176  0.0107  0.0020  0.0176  0.0329  0.0009 -0.0004
  5  8 -0.0042  0.0198  0.0135  0.0020  0.0142  0.0357  0.0009 -0.0012
  5  9 -0.0063  0.0217  0.0138  0.0020  0.0093  0.0389  0.0000 -0.0021
  5 10 -0.0101  0.0234  0.0116  0.0016  0.0022  0.0430  0.0009 -0.0035
  5 11 -0.0143  0.0251  0.0093  0.0012 -0.0039  0.0481  0.0002 -0.0056
  5 12 -0.0166  0.0270  0.0085  0.0013 -0.0103  0.0539 -0.0002 -0.0077
  5 13 -0.0210  0.0293  0.0091  0.0018 -0.0162  0.0601 -0.0003 -0.0091
  5 14 -0.0254  0.0322  0.0110  0.0024 -0.0227  0.0669  0.0007 -0.0092
  5 15 -0.0295  0.0346  0.0153  0.0038 -0.0292  0.0747  0.0029 -0.0084
  5 16 -0.0311  0.0358  0.0179  0.0069 -0.0339  0.0829  0.0051 -0.0069
  5 17 -0.0326  0.0358  0.0207  0.0115 -0.0376  0.0897  0.0059 -0.0054
  5 18 -0.0335  0.0352  0.0229  0.0160 -0.0403  0.0929  0.0054 -0.0049
  5 19 -0.0344  0.0340  0.0233  0.0187 -0.0430  0.0913  0.0077 -0.0058
  5 20 -0.0335  0.0313  0.0227  0.0189 -0.0436  0.0847  0.0097 -0.0074
  5 21 -0.0322  0.0271  0.0190  0.0170 -0.0430  0.0742  0.0090 -0.0085
  5 22 -0.0290  0.0219  0.0166  0.0137 -0.0401  0.0608  0.0074 -0.0083
  5 23 -0.0256  0.0157  0.0170  0.0108 -0.0357  0.0467  0.0071 -0.0073
  5 24 -0.0217  0.0073  0.0164  0.0105 -0.0266  0.0344  0.0074 -0.0064
  5 25 -0.0140 -0.0025  0.0043  0.0136 -0.0227  0.0255  0.0059 -0.0056
  5 26 -0.0179 -0.0107  0.0001  0.0185 -0.0211  0.0201  0.0027 -0.0044
  5 27 -0.0227 -0.0137  0.0026  0.0220 -0.0214  0.0164  0.0016 -0.0030
  5 28 -0.0276 -0.0122  0.0063  0.0225 -0.0171  0.0132 -0.0009 -0.0023
  5 29 -0.0250 -0.0102  0.0049  0.0208 -0.0123  0.0102 -0.0021 -0.0029
  5 30 -0.0212 -0.0112 -0.0001  0.0186 -0.0124  0.0079 -0.0019 -0.0037
  5 31 -0.0132 -0.0147 -0.0114  0.0170 -0.0145  0.0060  0.0027 -0.0036
  5 32 -0.0181 -0.0183 -0.0094  0.0166 -0.0155  0.0038  0.0003 -0.0028
  5 33 -0.0149 -0.0210 -0.0098  0.0175 -0.0120  0.0011 -0.0007 -0.0031
  5 34 -0.0120 -0.0226 -0.0135  0.0198 -0.0101 -0.0020 -0.0009 -0.0054
  5 35 -0.0119 -0.0223 -0.0136  0.0225 -0.0113 -0.0053 -0.0045 -0.0084
  5 36 -0.0129 -0.0194 -0.0119  0.0244 -0.0103 -0.0097 -0.0093 -0.0102
  5 37 -0.0150 -0.0150 -0.0116  0.0254 -0.0134 -0.0155 -0.0087 -0.0097
  5 38 -0.0098 -0.0120 -0.0154  0.0259 -0.0068 -0.0221 -0.0036 -0.0075
  5 39 -0.0098 -0.0125 -0.0178  0.0263 -0.0040 -0.0278 -0.0045 -0.0043
  5 40 -0.0051 -0.0158 -0.0224  0.0262  0.0015 -0.0313 -0.0012 -0.0009
  5 41 -0.0019 -0.0197 -0.0244  0.0252  0.0057 -0.0320  0.0007  0.0023
  5 42 -0.0010 -0.0223 -0.0274  0.0232  0.0064 -0.0311  0.0005  0.0044
  5 43 -0.0007 -0.0229 -0.0309  0.0204  0.0074 -0.0301  0.0002  0.0048
  5 44  0.0007 -0.0217 -0.0298  0.0166  0.0103 -0.0303  0.0012  0.0038
  5 45  0.0021 -0.0199 -0.0272  0.0120  0.0100 -0.0320  0.0020  0.0021
  5 46  0.0041 -0.0185 -0.0238  0.0071  0.0105 -0.0345  0.0023  0.0009
  5 47  0.0045 -0.0178 -0.0213  0.0029  0.0112 -0.0363  0.0024  0.0006
  5 48  0.0048 -0.0167 -0.0191 -0.0004  0.0133 -0.0363  0.0021  0.0010
  5 49  0.0051 -0.0147 -0.0148 -0.0034  0.0144 -0.0349  0.0020  0.0015
  6  1 -0.0009  0.0030  0.0020  0.0024  0.0101  0.0037  0.0017  0.0025
  6  2 -0.0020  0.0038  0.0030  0.0044  0.0114  0.0083  0.0023  0.0045
  6  3 -0.0038  0.0060  0.0038  0.0068  0.0124  0.0154  0.0027  0.0076
  6  4 -0.0037  0.0082  0.0025  0.0084  0.0116  0.0230  0.0011  0.0107
  6  5 -0.0041  0.0100  0.0049  0.0084  0.0126  0.0295  0.0002  0.0126
  6  6 -0.0048  0.0115  0.0085  0.0078  0.0133  0.0345  0.0007  0.0128
  6  7 -0.0065  0.0128  0.0108  0.0077  0.0107  0.0377  0.0021  0.0122
  6  8 -0.0089  0.0140  0.0105  0.0085  0.0082  0.0397  0.0021  0.0114
  6  9 -0.0123  0.0153  0.0087  0.0094  0.0029  0.0417  0.0003  0.0105
  6 10 -0.0158  0.0171  0.0087  0.0099 -0.0028  0.0450 -0.0013  0.0091
  6 11 -0.0200  0.0194  0.0079  0.0098 -0.0084  0.0502 -0.0018  0.0072
  6 12 -0.0237  0.0217  0.0079  0.0098 -0.0163  0.0562 -0.0032  0.0054
  6 13 -0.0273  0.0236  0.0101  0.0097 -0.0259  0.0619 -0.0038  0.0044
  6 14 -0.0297  0.0247  0.0111  0.0099 -0.0317  0.0669 -0.0041  0.0050
  6 15 -0.0315  0.0244  0.0129  0.0114 -0.0355  0.0720 -0.0026  0.0067
  6 16 -0.0337  0.0226  0.0124  0.0149 -0.0399  0.0775 -0.0007  0.0091
  6 17 -0.0356  0.0204  0.0139  0.0198 -0.0439  0.0830  0.0019  0.0111
  6 18 -0.0374  0.0190  0.0150  0.0241 -0.0499  0.0869  0.0057  0.0117
  6 19 -0.0372  0.0187  0.0161  0.0262 -0.0548  0.0880  0.0069  0.0104
  6 20 -0.0363  0.0184  0.0160  0.0255 -0.0581  0.0846  0.0064  0.0075
  6 21 -0.0335  0.0167  0.0150  0.0225 -0.0585  0.0756  0.0086  0.0040
  6 22 -0.0300  0.0131  0.0132  0.0180 -0.0558  0.0613  0.0097  0.0007
  6 23 -0.0260  0.0071  0.0153  0.0138 -0.0386  0.0446  0.0089 -0.0022
  6 24 -0.0206 -0.0013  0.0131  0.0123 -0.0195  0.0300  0.0079 -0.0045
  6 25 -0.0141 -0.0107  0.0043  0.0146 -0.0207  0.0209  0.0064 -0.0053
  6 26 -0.0098 -0.0185 -0.0040  0.0195 -0.0249  0.0175  0.0045 -0.0041
  6 27 -0.0144 -0.0229 -0.0079  0.0243 -0.0312  0.0172  0.0033 -0.0019
  6 28 -0.0205 -0.0242 -0.0030  0.0271 -0.0265  0.0170  0.0013 -0.0010
  6 29 -0.0198 -0.0247 -0.0009  0.0273 -0.0229  0.0155  0.0044 -0.0029
  6 30 -0.0167 -0.0257  0.0008  0.0257 -0.0179  0.0127  0.0054 -0.0062
  6 31 -0.0010 -0.0267 -0.0149  0.0230 -0.0142  0.0088  0.0097 -0.0084
  6 32 -0.0055 -0.0276 -0.0202  0.0205 -0.0180  0.0045  0.0108 -0.0091
  6 33 -0.0073 -0.0295 -0.0227  0.0200 -0.0169  0.0002  0.0061 -0.0103
  6 34 -0.0093 -0.0321 -0.0260  0.0219 -0.0134 -0.0038  0.0036 -0.0140
  6 35 -0.0097 -0.0333 -0.0250  0.0254 -0.0096 -0.0083  0.0014 -0.0192
  6 36 -0.0126 -0.0312 -0.0228  0.0290 -0.0096 -0.0144 -0.0030 -0.0234
  6 37 -0.0089 -0.0268 -0.0290  0.0318 -0.0071 -0.0224 -0.0050 -0.0245
  6 38 -0.0060 -0.0241 -0.0296  0.0336 -0.0071 -0.0310 -0.0064 -0.0228
  6 39 -0.0030 -0.0251 -0.0312  0.0342 -0.0058 -0.0379 -0.0054 -0.0195
  6 40  0.0002 -0.0286 -0.0325  0.0333 -0.0032 -0.0410 -0.0047 -0.0154
  6 41  0.0025 -0.0314 -0.0330  0.0306 -0.0027 -0.0402 -0.0042 -0.0112
  6 42  0.0037 -0.0314 -0.0333  0.0268  0.0001 -0.0376 -0.0032 -0.0081
  6 43  0.0031 -0.0285 -0.0328  0.0225  0.0029 -0.0357 -0.0003 -0.0066
  6 44  0.0042 -0.0242 -0.0325  0.0180  0.0041 -0.0358  0.0002 -0.0065
  6 45  0.0061 -0.0203 -0.0306  0.0131  0.0066 -0.0374 -0.0003 -0.0064
  6 46  0.0065 -0.0181 -0.0273  0.0081  0.0058 -0.0387  0.0008 -0.0056
  6 47  0.0071 -0.0172 -0.0251  0.0037  0.0076 -0.0385  0.0012 -0.0042
  6 48  0.0054 -0.0159 -0.0208  0.0002  0.0084 -0.0365  0.0008 -0.0028
  6 49  0.0060 -0.0134 -0.0169 -0.0026  0.0081 -0.0340  0.0012 -0.0017
  7  1 -0.0013  0.0024 -0.0006  0.0027  0.0086  0.0029  0.0030  0.0027
  7  2 -0.0020  0.0018  0.0015  0.0057  0.0110  0.0059  0.0046  0.0062
  7  3 -0.0041  0.0027  0.0018  0.0096  0.0097  0.0121  0.0054  0.0112
  7  4 -0.0059  0.0040  0.0035  0.0124  0.0090  0.0192  0.0060  0.0162
  7  5 -0.0059  0.0052  0.0044  0.0137  0.0078  0.0258  0.0038  0.0201
  7  6 -0.0071  0.0062  0.0070  0.0146  0.0073  0.0315  0.0039  0.0224
  7  7 -0.0093  0.0070  0.0090  0.0162  0.0063  0.0361  0.0042  0.0237
  7  8 -0.0134  0.0078  0.0094  0.0185  0.0036  0.0391  0.0028  0.0241
  7  9 -0.0168  0.0087  0.0076  0.0205 -0.0012  0.0412  0.0001  0.0238
  7 10 -0.0208  0.0104  0.0058  0.0212 -0.0079  0.0438 -0.0029  0.0229
  7 11 -0.0245  0.0129  0.0048  0.0209 -0.0152  0.0481 -0.0065  0.0218
  7 12 -0.0278  0.0154  0.0050  0.0203 -0.0203  0.0534 -0.0121  0.0210
  7 13 -0.0305  0.0165  0.0067  0.0201 -0.0281  0.0580 -0.0140  0.0211
  7 14 -0.0319  0.0151  0.0057  0.0209 -0.0346  0.0609 -0.0150  0.0222
  7 15 -0.0329  0.0110  0.0047  0.0234 -0.0387  0.0624 -0.0134  0.0240
  7 16 -0.0335  0.0052  0.0037  0.0274 -0.0417  0.0635 -0.0082  0.0261
  7 17 -0.0343 -0.0003  0.0049  0.0318 -0.0442  0.0651 -0.0033  0.0279
  7 18 -0.0359 -0.0036  0.0070  0.0347 -0.0493  0.0676 -0.0001  0.0286
  7 19 -0.0386 -0.0042  0.0098  0.0352 -0.0550  0.0703  0.0022  0.0275
  7 20 -0.0378 -0.0034  0.0083  0.0336 -0.0626  0.0710  0.0016  0.0245
  7 21 -0.0344 -0.0036  0.0053  0.0306 -0.0664  0.0670  0.0030  0.0204
  7 22 -0.0295 -0.0067  0.0044  0.0270 -0.0631  0.0573  0.0033  0.0157
  7 23 -0.0259 -0.0132  0.0093  0.0240 -0.0385  0.0440  0.0044  0.0113
  7 24 -0.0207 -0.0219  0.0065  0.0230 -0.0289  0.0315  0.0072  0.0075
  7 25 -0.0094 -0.0310 -0.0042  0.0244 -0.0249  0.0230  0.0049  0.0051
  7 26 -0.0003 -0.0387 -0.0177  0.0274 -0.0344  0.0194  0.0053  0.0046
  7 27 -0.0038 -0.0447 -0.0232  0.0308 -0.0405  0.0190  0.0026  0.0055
  7 28 -0.0060 -0.0500 -0.0224  0.0339 -0.0387  0.0196  0.0026  0.0052
  7 29 -0.0082 -0.0542 -0.0204  0.0360 -0.0352  0.0196  0.0042  0.0019
  7 30 -0.0088 -0.0559 -0.0154  0.0356 -0.0297  0.0178  0.0079 -0.0036
  7 31 -0.0009 -0.0537 -0.0164  0.0320 -0.0230  0.0139  0.0113 -0.0088
  7 32  0.0055 -0.0493 -0.0277  0.0265 -0.0213  0.0088  0.0131 -0.0125
  7 33  0.0038 -0.0458 -0.0320  0.0220 -0.0187  0.0031  0.0119 -0.0160
  7 34  0.0004 -0.0449 -0.0354  0.0206 -0.0115 -0.0027  0.0118 -0.0213
  7 35 -0.0029 -0.0449 -0.0404  0.0221 -0.0057 -0.0087  0.0129 -0.0285
  7 36 -0.0039 -0.0438 -0.0421  0.0250 -0.0032 -0.0151  0.0085 -0.0352
  7 37 -0.0013 -0.0418 -0.0435  0.0276 -0.0008 -0.0221  0.0026 -0.0396
  7 38  0.0014 -0.0412 -0.0423  0.0291 -0.0022 -0.0291  0.0008 -0.0411
  7 39  0.0043 -0.0425 -0.0409  0.0290 -0.0025 -0.0345 -0.0006 -0.0404
  7 40  0.0082 -0.0437 -0.0401  0.0270 -0.0043 -0.0369 -0.0001 -0.0376
  7 41  0.0097 -0.0427 -0.0395  0.0233 -0.0057 -0.0364 -0.0004 -0.0333
  7 42  0.0095 -0.0390 -0.0384  0.0189 -0.0040 -0.0347  0.0000 -0.0288
  7 43  0.0091 -0.0337 -0.0367  0.0144 -0.0039 -0.0340  0.0021 -0.0253
  7 44  0.0076 -0.0282 -0.0356  0.0102 -0.0026 -0.0349  0.0031 -0.0229
  7 45  0.0081 -0.0236 -0.0336  0.0059  0.0015 -0.0362  0.0037 -0.0206
  7 46  0.0090 -0.0209 -0.0316  0.0017 -0.0007 -0.0362  0.0044 -0.0179
  7 47  0.0065 -0.0193 -0.0281 -0.0021 -0.0038 -0.0345  0.0033 -0.0150
  7 48  0.0043 -0.0174 -0.0250 -0.0047 -0.0036 -0.0318  0.0028 -0.0124
  7 49  0.0053 -0.0144 -0.0211 -0.0064 -0.0046 -0.0294  0.0021 -0.0102
  8  1 -0.0012  0.0007 -0.0022  0.0054  0.0069  0.0022  0.0021  0.0052
  8  2 -0.0020 -0.0001  0.0002  0.0094  0.0095  0.0040  0.0047  0.0099
  8  3 -0.0031 -0.0003  0.0017  0.0133  0.0090  0.0081  0.0071  0.0150
  8  4 -0.0055 -0.0001  0.0015  0.0160  0.0059  0.0129  0.0069  0.0193
  8  5 -0.0070  0.0001  0.0033  0.0177  0.0027  0.0180  0.0050  0.0229
  8  6 -0.0083  0.0006  0.0050  0.0202  0.0007  0.0238  0.0042  0.0265
  8  7 -0.0094  0.0013  0.0075  0.0240  0.0001  0.0298  0.0010  0.0300
  8  8 -0.0127  0.0018  0.0088  0.0283 -0.0010  0.0348  0.0005  0.0329
  8  9 -0.0169  0.0023  0.0093  0.0315 -0.0037  0.0380 -0.0027  0.0346
  8 10 -0.0220  0.0033  0.0083  0.0329 -0.0088  0.0403 -0.0054  0.0353
  8 11 -0.0273  0.0051  0.0069  0.0330 -0.0144  0.0429 -0.0100  0.0358
  8 12 -0.0312  0.0069  0.0053  0.0328 -0.0218  0.0461 -0.0128  0.0363
  8 13 -0.0334  0.0069  0.0040  0.0329 -0.0293  0.0486 -0.0146  0.0366
  8 14 -0.0325  0.0036  0.0009  0.0339 -0.0359  0.0494 -0.0162  0.0370
  8 15 -0.0310 -0.0029 -0.0016  0.0362 -0.0397  0.0480 -0.0140  0.0374
  8 16 -0.0293 -0.0110 -0.0032  0.0394 -0.0362  0.0454 -0.0071  0.0383
  8 17 -0.0327 -0.0185  0.0012  0.0423 -0.0360  0.0433  0.0003  0.0393
  8 18 -0.0349 -0.0236 -0.0007  0.0435 -0.0461  0.0437  0.0017  0.0402
  8 19 -0.0371 -0.0259  0.0003  0.0430 -0.0526  0.0467  0.0012  0.0402
  8 20 -0.0348 -0.0266 -0.0035  0.0416 -0.0586  0.0502 -0.0025  0.0390
  8 21 -0.0288 -0.0281 -0.0087  0.0400 -0.0628  0.0512 -0.0062  0.0367
  8 22 -0.0212 -0.0323 -0.0140  0.0385 -0.0603  0.0481 -0.0052  0.0339
  8 23 -0.0186 -0.0394 -0.0129  0.0377 -0.0489  0.0415 -0.0010  0.0309
  8 24 -0.0196 -0.0480 -0.0105  0.0376 -0.0376  0.0335  0.0023  0.0277
  8 25 -0.0118 -0.0558 -0.0178  0.0374 -0.0350  0.0261  0.0033  0.0245
  8 26  0.0033 -0.0623 -0.0309  0.0366 -0.0420  0.0205 -0.0002  0.0220
  8 27  0.0109 -0.0687 -0.0376  0.0360 -0.0446  0.0177  0.0025  0.0205
  8 28  0.0132 -0.0761 -0.0408  0.0368 -0.0446  0.0179  0.0050  0.0186
  8 29  0.0139 -0.0833 -0.0415  0.0387 -0.0413  0.0197  0.0047  0.0143
  8 30  0.0118 -0.0869 -0.0400  0.0391 -0.0365  0.0208  0.0077  0.0072
  8 31  0.0130 -0.0844 -0.0381  0.0354 -0.0332  0.0196  0.0114 -0.0011
  8 32  0.0145 -0.0772 -0.0382  0.0278 -0.0283  0.0161  0.0142 -0.0086
  8 33  0.0120 -0.0691 -0.0388  0.0197 -0.0226  0.0110  0.0176 -0.0155
  8 34 -0.0003 -0.0633 -0.0295  0.0141 -0.0148  0.0050  0.0157 -0.0230
  8 35  0.0053 -0.0605 -0.0358  0.0115 -0.0088 -0.0010  0.0159 -0.0317
  8 36  0.0086 -0.0598 -0.0494  0.0109 -0.0037 -0.0063  0.0201 -0.0406
  8 37  0.0123 -0.0607 -0.0487  0.0106 -0.0018 -0.0105  0.0158 -0.0482
  8 38  0.0144 -0.0624 -0.0455  0.0099 -0.0014 -0.0142  0.0129 -0.0538
  8 39  0.0161 -0.0629 -0.0430  0.0081 -0.0026 -0.0174  0.0098 -0.0568
  8 40  0.0181 -0.0604 -0.0405  0.0053 -0.0038 -0.0201  0.0096 -0.0567
  8 41  0.0194 -0.0547 -0.0396  0.0017 -0.0044 -0.0218  0.0110 -0.0537
  8 42  0.0189 -0.0477 -0.0373 -0.0017 -0.0050 -0.0234  0.0128 -0.0492
  8 43  0.0178 -0.0413 -0.0351 -0.0046 -0.0051 -0.0256  0.0134 -0.0446
  8 44  0.0148 -0.0359 -0.0356 -0.0070 -0.0029 -0.0281  0.0138 -0.0404
  8 45  0.0130 -0.0310 -0.0343 -0.0094 -0.0005 -0.0296  0.0145 -0.0362
  8 46  0.0096 -0.0268 -0.0328 -0.0118 -0.0013 -0.0290  0.0140 -0.0316
  8 47  0.0092 -0.0233 -0.0307 -0.0137 -0.0031 -0.0269  0.0136 -0.0269
  8 48  0.0078 -0.0200 -0.0282 -0.0146 -0.0042 -0.0244  0.0104 -0.0225
  8 49  0.0067 -0.0162 -0.0230 -0.0145 -0.0053 -0.0227  0.0078 -0.0184
  9  1 -0.0022 -0.0003  0.0009  0.0087  0.0094  0.0029  0.0029  0.0098
  9  2 -0.0019 -0.0008  0.0003  0.0128  0.0109  0.0042  0.0048  0.0150
  9  3 -0.0036 -0.0016  0.0010  0.0154  0.0096  0.0063  0.0087  0.0185
  9  4 -0.0036 -0.0027 -0.0002  0.0166  0.0065  0.0082  0.0066  0.0201
  9  5 -0.0048 -0.0037  0.0005  0.0182  0.0035  0.0108  0.0038  0.0216
  9  6 -0.0064 -0.0042  0.0019  0.0217  0.0000  0.0150  0.0015  0.0249
  9  7 -0.0090 -0.0043  0.0037  0.0270 -0.0021  0.0208  0.0009  0.0298
  9  8 -0.0129 -0.0043  0.0044  0.0327 -0.0042  0.0264 -0.0025  0.0349
  9  9 -0.0167 -0.0047  0.0064  0.0374 -0.0058  0.0303 -0.0062  0.0390
  9 10 -0.0220 -0.0051  0.0089  0.0411 -0.0098  0.0321 -0.0081  0.0424
  9 11 -0.0267 -0.0051  0.0087  0.0439 -0.0158  0.0329 -0.0104  0.0452
  9 12 -0.0324 -0.0050  0.0081  0.0458 -0.0234  0.0335 -0.0128  0.0468
  9 13 -0.0357 -0.0063  0.0055  0.0463 -0.0318  0.0337 -0.0124  0.0467
  9 14 -0.0336 -0.0102 -0.0004  0.0460 -0.0369  0.0329 -0.0134  0.0454
  9 15 -0.0273 -0.0167 -0.0070  0.0459 -0.0348  0.0302 -0.0131  0.0439
  9 16 -0.0273 -0.0242 -0.0069  0.0465 -0.0281  0.0262  0.0001  0.0432
  9 17 -0.0278 -0.0313 -0.0074  0.0470 -0.0345  0.0223 -0.0025  0.0435
  9 18 -0.0292 -0.0372 -0.0124  0.0471 -0.0459  0.0206 -0.0065  0.0445
  9 19 -0.0288 -0.0420 -0.0173  0.0469 -0.0528  0.0217 -0.0091  0.0461
  9 20 -0.0230 -0.0463 -0.0201  0.0467 -0.0513  0.0245 -0.0136  0.0476
  9 21 -0.0132 -0.0508 -0.0254  0.0464 -0.0501  0.0272 -0.0153  0.0483
  9 22 -0.0046 -0.0559 -0.0318  0.0458 -0.0462  0.0284 -0.0124  0.0479
  9 23  0.0003 -0.0613 -0.0345  0.0450 -0.0428  0.0279 -0.0104  0.0464
  9 24 -0.0001 -0.0660 -0.0327  0.0437 -0.0397  0.0252 -0.0058  0.0438
  9 25 -0.0045 -0.0696 -0.0341  0.0409 -0.0342  0.0201 -0.0027  0.0407
  9 26  0.0082 -0.0728 -0.0390  0.0363 -0.0378  0.0140 -0.0040  0.0379
  9 27  0.0101 -0.0772 -0.0347  0.0315 -0.0331  0.0104  0.0020  0.0360
  9 28  0.0186 -0.0840 -0.0431  0.0292 -0.0378  0.0115  0.0037  0.0341
  9 29  0.0215 -0.0917 -0.0507  0.0296 -0.0378  0.0159  0.0056  0.0302
  9 30  0.0290 -0.0973 -0.0541  0.0297 -0.0362  0.0203  0.0092  0.0229
  9 31  0.0315 -0.0980 -0.0529  0.0262 -0.0334  0.0226  0.0122  0.0133
  9 32  0.0323 -0.0937 -0.0419  0.0185 -0.0295  0.0224  0.0132  0.0034
  9 33  0.0246 -0.0870 -0.0396  0.0092 -0.0250  0.0205  0.0199 -0.0058
  9 34  0.0154 -0.0806 -0.0339  0.0009 -0.0153  0.0175  0.0220 -0.0147
  9 35  0.0138 -0.0768 -0.0424 -0.0056 -0.0084  0.0141  0.0236 -0.0240
  9 36  0.0233 -0.0761 -0.0486 -0.0109 -0.0077  0.0115  0.0271 -0.0337
  9 37  0.0270 -0.0778 -0.0474 -0.0156 -0.0050  0.0102  0.0260 -0.0431
  9 38  0.0282 -0.0793 -0.0434 -0.0199 -0.0064  0.0090  0.0242 -0.0513
  9 39  0.0299 -0.0776 -0.0398 -0.0237 -0.0065  0.0066  0.0233 -0.0572
  9 40  0.0286 -0.0713 -0.0349 -0.0271 -0.0062  0.0027  0.0234 -0.0600
  9 41  0.0273 -0.0622 -0.0324 -0.0296 -0.0048 -0.0020  0.0235 -0.0596
  9 42  0.0261 -0.0537 -0.0300 -0.0307 -0.0052 -0.0071  0.0238 -0.0571
  9 43  0.0256 -0.0473 -0.0280 -0.0307 -0.0043 -0.0120  0.0285 -0.0535
  9 44  0.0222 -0.0421 -0.0269 -0.0298 -0.0026 -0.0162  0.0273 -0.0494
  9 45  0.0179 -0.0364 -0.0259 -0.0287 -0.0011 -0.0186  0.0307 -0.0444
  9 46  0.0151 -0.0303 -0.0250 -0.0276 -0.0022 -0.0188  0.0285 -0.0387
  9 47  0.0123 -0.0247 -0.0233 -0.0264  0.0006 -0.0179  0.0259 -0.0326
  9 48  0.0099 -0.0199 -0.0222 -0.0246  0.0015 -0.0168  0.0207 -0.0264
  9 49  0.0079 -0.0155 -0.0195 -0.0223 -0.0012 -0.0160  0.0176 -0.0205
 10  1 -0.0025 -0.0002  0.0024  0.0097  0.0109  0.0035  0.0068  0.0127
 10  2 -0.0019 -0.0008 -0.0020  0.0123  0.0084  0.0045  0.0049  0.0167
 10  3 -0.0015 -0.0022 -0.0027  0.0127  0.0049  0.0048  0.0031  0.0178
 10  4 -0.0025 -0.0041 -0.0014  0.0124  0.0027  0.0044  0.0029  0.0169
 10  5 -0.0037 -0.0060 -0.0013  0.0138  0.0027  0.0044  0.0016  0.0168
 10  6 -0.0044 -0.0078 -0.0004  0.0179  0.0007  0.0061  0.0001  0.0194
 10  7 -0.0070 -0.0091  0.0008  0.0235 -0.0014  0.0096 -0.0001  0.0243
 10  8 -0.0105 -0.0102  0.0005  0.0293 -0.0046  0.0137 -0.0026  0.0296
 10  9 -0.0137 -0.0116  0.0007  0.0351 -0.0068  0.0166 -0.0051  0.0350
 10 10 -0.0172 -0.0136  0.0012  0.0414 -0.0116  0.0177 -0.0075  0.0405
 10 11 -0.0217 -0.0158  0.0006  0.0478 -0.0173  0.0171 -0.0093  0.0454
 10 12 -0.0284 -0.0179  0.0005  0.0524 -0.0238  0.0159 -0.0091  0.0481
 10 13 -0.0333 -0.0205 -0.0012  0.0536 -0.0293  0.0147 -0.0082  0.0478
 10 14 -0.0296 -0.0242 -0.0058  0.0519 -0.0310  0.0135 -0.0092  0.0455
 10 15 -0.0191 -0.0289 -0.0090  0.0492 -0.0227  0.0114 -0.0048  0.0431
 10 16 -0.0182 -0.0341 -0.0097  0.0469 -0.0207  0.0077 -0.0015  0.0417
 10 17 -0.0121 -0.0390 -0.0208  0.0453 -0.0291  0.0030 -0.0093  0.0414
 10 18 -0.0123 -0.0443 -0.0280  0.0444 -0.0375 -0.0014 -0.0167  0.0425
 10 19 -0.0130 -0.0506 -0.0329  0.0445 -0.0396 -0.0042 -0.0210  0.0453
 10 20 -0.0074 -0.0580 -0.0352  0.0451 -0.0383 -0.0052 -0.0243  0.0492
 10 21  0.0005 -0.0649 -0.0348  0.0449 -0.0342 -0.0044 -0.0236  0.0520
 10 22  0.0085 -0.0691 -0.0355  0.0428 -0.0286 -0.0016 -0.0203  0.0522
 10 23  0.0151 -0.0696 -0.0378  0.0390 -0.0295  0.0022 -0.0212  0.0496
 10 24  0.0136 -0.0669 -0.0320  0.0340 -0.0291  0.0045 -0.0163  0.0460
 10 25 -0.0037 -0.0634 -0.0265  0.0280 -0.0247  0.0032 -0.0025  0.0433
 10 26 -0.0007 -0.0618 -0.0257  0.0212 -0.0206 -0.0003 -0.0022  0.0427
 10 27  0.0068 -0.0634 -0.0281  0.0150 -0.0226 -0.0017 -0.0003  0.0439
 10 28  0.0133 -0.0678 -0.0318  0.0113 -0.0261  0.0019  0.0047  0.0450
 10 29  0.0248 -0.0737 -0.0437  0.0100 -0.0315  0.0091  0.0064  0.0438
 10 30  0.0335 -0.0795 -0.0495  0.0088 -0.0302  0.0161  0.0073  0.0390
 10 31  0.0419 -0.0840 -0.0488  0.0050 -0.0293  0.0207  0.0066  0.0315
 10 32  0.0473 -0.0862 -0.0410 -0.0017 -0.0287  0.0237  0.0089  0.0231
 10 33  0.0450 -0.0861 -0.0327 -0.0098 -0.0285  0.0261  0.0126  0.0149
 10 34  0.0266 -0.0845 -0.0340 -0.0183 -0.0192  0.0280  0.0227  0.0067
 10 35  0.0262 -0.0829 -0.0396 -0.0269 -0.0142  0.0291  0.0316 -0.0020
 10 36  0.0348 -0.0825 -0.0388 -0.0356 -0.0139  0.0297  0.0360 -0.0114
 10 37  0.0393 -0.0828 -0.0336 -0.0437 -0.0130  0.0303  0.0347 -0.0211
 10 38  0.0384 -0.0816 -0.0295 -0.0505 -0.0143  0.0298  0.0335 -0.0304
 10 39  0.0382 -0.0767 -0.0244 -0.0554 -0.0125  0.0270  0.0350 -0.0380
 10 40  0.0371 -0.0683 -0.0215 -0.0584 -0.0116  0.0217  0.0362 -0.0430
 10 41  0.0352 -0.0588 -0.0190 -0.0592 -0.0093  0.0151  0.0376 -0.0455
 10 42  0.0325 -0.0510 -0.0153 -0.0576 -0.0089  0.0085  0.0380 -0.0459
 10 43  0.0303 -0.0453 -0.0132 -0.0542 -0.0097  0.0024  0.0399 -0.0448
 10 44  0.0275 -0.0402 -0.0119 -0.0497 -0.0070 -0.0027  0.0415 -0.0421
 10 45  0.0222 -0.0341 -0.0114 -0.0449 -0.0037 -0.0061  0.0426 -0.0380
 10 46  0.0175 -0.0274 -0.0116 -0.0402 -0.0029 -0.0081  0.0403 -0.0328
 10 47  0.0146 -0.0211 -0.0106 -0.0355 -0.0020 -0.0095  0.0372 -0.0272
 10 48  0.0113 -0.0159 -0.0103 -0.0309 -0.0003 -0.0106  0.0344 -0.0214
 10 49  0.0103 -0.0116 -0.0086 -0.0265  0.0005 -0.0112  0.0291 -0.0156
 11  1 -0.0006 -0.0007  0.0042  0.0084  0.0101  0.0022  0.0080  0.0118
 11  2 -0.0001 -0.0025  0.0025  0.0081  0.0109  0.0021  0.0056  0.0130
 11  3 -0.0014 -0.0044  0.0009  0.0064  0.0069  0.0007  0.0073  0.0118
 11  4 -0.0018 -0.0060 -0.0020  0.0056  0.0031 -0.0010  0.0032  0.0102
 11  5 -0.0018 -0.0078 -0.0038  0.0074  0.0023 -0.0023  0.0013  0.0105
 11  6 -0.0024 -0.0101 -0.0040  0.0115  0.0005 -0.0025  0.0010  0.0132
 11  7 -0.0039 -0.0125 -0.0028  0.0162 -0.0015 -0.0018  0.0014  0.0170
 11  8 -0.0064 -0.0145 -0.0042  0.0205 -0.0030 -0.0005  0.0002  0.0206
 11  9 -0.0083 -0.0166 -0.0060  0.0254 -0.0054  0.0006 -0.0038  0.0247
 11 10 -0.0117 -0.0194 -0.0074  0.0321 -0.0090  0.0006 -0.0065  0.0299
 11 11 -0.0163 -0.0231 -0.0083  0.0397 -0.0138 -0.0008 -0.0071  0.0353
 11 12 -0.0209 -0.0270 -0.0098  0.0455 -0.0179 -0.0027 -0.0078  0.0387
 11 13 -0.0249 -0.0305 -0.0112  0.0477 -0.0237 -0.0042 -0.0065  0.0390
 11 14 -0.0221 -0.0336 -0.0140  0.0467 -0.0221 -0.0048 -0.0082  0.0376
 11 15 -0.0172 -0.0366 -0.0128  0.0444 -0.0149 -0.0057 -0.0039  0.0361
 11 16 -0.0136 -0.0391 -0.0197  0.0416 -0.0191 -0.0088 -0.0078  0.0352
 11 17 -0.0035 -0.0411 -0.0303  0.0385 -0.0224 -0.0146 -0.0179  0.0346
 11 18  0.0017 -0.0438 -0.0369  0.0357 -0.0240 -0.0218 -0.0247  0.0350
 11 19  0.0037 -0.0488 -0.0415  0.0343 -0.0209 -0.0284 -0.0308  0.0379
 11 20  0.0072 -0.0561 -0.0429  0.0342 -0.0201 -0.0329 -0.0333  0.0427
 11 21  0.0126 -0.0631 -0.0387  0.0336 -0.0163 -0.0337 -0.0315  0.0466
 11 22  0.0158 -0.0656 -0.0353  0.0299 -0.0148 -0.0302 -0.0303  0.0462
 11 23  0.0176 -0.0612 -0.0326  0.0229 -0.0147 -0.0234 -0.0275  0.0417
 11 24  0.0123 -0.0516 -0.0216  0.0142 -0.0140 -0.0172 -0.0190  0.0364
 11 25 -0.0047 -0.0419 -0.0203  0.0057 -0.0128 -0.0147  0.0001  0.0344
 11 26 -0.0003 -0.0364 -0.0226 -0.0015 -0.0123 -0.0152 -0.0018  0.0373
 11 27  0.0119 -0.0358 -0.0246 -0.0071 -0.0172 -0.0143 -0.0059  0.0432
 11 28  0.0183 -0.0381 -0.0303 -0.0109 -0.0220 -0.0089 -0.0029  0.0490
 11 29  0.0290 -0.0413 -0.0371 -0.0136 -0.0291 -0.0004 -0.0030  0.0523
 11 30  0.0352 -0.0454 -0.0368 -0.0166 -0.0281  0.0075 -0.0004  0.0526
 11 31  0.0413 -0.0513 -0.0340 -0.0207 -0.0283  0.0133 -0.0027  0.0509
 11 32  0.0447 -0.0584 -0.0278 -0.0260 -0.0286  0.0185 -0.0044  0.0481
 11 33  0.0440 -0.0650 -0.0176 -0.0320 -0.0307  0.0245  0.0014  0.0443
 11 34  0.0320 -0.0695 -0.0257 -0.0390 -0.0266  0.0307  0.0217  0.0389
 11 35  0.0398 -0.0718 -0.0230 -0.0475 -0.0247  0.0355  0.0283  0.0319
 11 36  0.0462 -0.0724 -0.0181 -0.0570 -0.0253  0.0386  0.0337  0.0235
 11 37  0.0468 -0.0712 -0.0128 -0.0659 -0.0247  0.0400  0.0350  0.0139
 11 38  0.0440 -0.0675 -0.0098 -0.0726 -0.0229  0.0392  0.0371  0.0040
 11 39  0.0412 -0.0611 -0.0062 -0.0766 -0.0213  0.0357  0.0401 -0.0049
 11 40  0.0402 -0.0531 -0.0013 -0.0779 -0.0170  0.0298  0.0431 -0.0119
 11 41  0.0367 -0.0458  0.0015 -0.0763 -0.0166  0.0230  0.0450 -0.0165
 11 42  0.0335 -0.0401  0.0047 -0.0722 -0.0166  0.0167  0.0445 -0.0194
 11 43  0.0305 -0.0355  0.0043 -0.0662 -0.0135  0.0112  0.0468 -0.0206
 11 44  0.0281 -0.0308  0.0043 -0.0594 -0.0119  0.0065  0.0467 -0.0201
 11 45  0.0240 -0.0254  0.0039 -0.0527 -0.0089  0.0026  0.0464 -0.0180
 11 46  0.0208 -0.0201  0.0027 -0.0463 -0.0058 -0.0007  0.0445 -0.0152
 11 47  0.0170 -0.0153  0.0023 -0.0400 -0.0054 -0.0038  0.0428 -0.0122
 11 48  0.0130 -0.0112  0.0033 -0.0339 -0.0038 -0.0067  0.0396 -0.0090
 11 49  0.0118 -0.0077  0.0030 -0.0281 -0.0035 -0.0086  0.0337 -0.0055
 12  1 -0.0001 -0.0033  0.0034  0.0074  0.0077 -0.0006  0.0066  0.0100
 12  2  0.0001 -0.0066  0.0023  0.0048  0.0097 -0.0022  0.0061  0.0080
 12  3 -0.0009 -0.0083  0.0025  0.0022  0.0094 -0.0045  0.0091  0.0054
 12  4 -0.0015 -0.0084  0.0002  0.0016  0.0063 -0.0063  0.0061  0.0046
 12  5 -0.0023 -0.0090 -0.0025  0.0037  0.0036 -0.0075  0.0047  0.0066
 12  6 -0.0017 -0.0111 -0.0033  0.0071  0.0024 -0.0085  0.0042  0.0098
 12  7 -0.0026 -0.0140 -0.0043  0.0099  0.0006 -0.0096  0.0030  0.0121
 12  8 -0.0038 -0.0163 -0.0068  0.0114 -0.0006 -0.0106  0.0009  0.0129
 12  9 -0.0047 -0.0182 -0.0092  0.0131 -0.0013 -0.0112 -0.0003  0.0138
 12 10 -0.0071 -0.0209 -0.0133  0.0164 -0.0020 -0.0121 -0.0031  0.0164
 12 11 -0.0084 -0.0249 -0.0166  0.0211 -0.0036 -0.0140 -0.0067  0.0201
 12 12 -0.0108 -0.0293 -0.0188  0.0256 -0.0086 -0.0165 -0.0076  0.0229
 12 13 -0.0140 -0.0330 -0.0199  0.0288 -0.0117 -0.0183 -0.0077  0.0242
 12 14 -0.0140 -0.0357 -0.0201  0.0309 -0.0113 -0.0187 -0.0071  0.0247
 12 15 -0.0152 -0.0375 -0.0181  0.0319 -0.0119 -0.0191 -0.0028  0.0253
 12 16 -0.0122 -0.0380 -0.0208  0.0308 -0.0107 -0.0219 -0.0080  0.0254
 12 17 -0.0058 -0.0369 -0.0245  0.0265 -0.0088 -0.0281 -0.0166  0.0240
 12 18  0.0025 -0.0352 -0.0319  0.0205 -0.0082 -0.0360 -0.0253  0.0227
 12 19  0.0097 -0.0353 -0.0374  0.0159 -0.0021 -0.0431 -0.0329  0.0238
 12 20  0.0142 -0.0388 -0.0372  0.0143  0.0026 -0.0473 -0.0343  0.0279
 12 21  0.0181 -0.0438 -0.0334  0.0141  0.0024 -0.0472 -0.0341  0.0321
 12 22  0.0170 -0.0455 -0.0261  0.0115 -0.0003 -0.0423 -0.0319  0.0326
 12 23  0.0088 -0.0402 -0.0173  0.0049 -0.0052 -0.0343 -0.0241  0.0287
 12 24  0.0045 -0.0289 -0.0099 -0.0041 -0.0066 -0.0267 -0.0144  0.0242
 12 25 -0.0038 -0.0172 -0.0156 -0.0127 -0.0076 -0.0231 -0.0021  0.0236
 12 26  0.0021 -0.0102 -0.0165 -0.0194 -0.0071 -0.0232 -0.0081  0.0287
 12 27  0.0117 -0.0085 -0.0181 -0.0243 -0.0126 -0.0229 -0.0123  0.0371
 12 28  0.0146 -0.0091 -0.0233 -0.0284 -0.0175 -0.0192 -0.0104  0.0456
 12 29  0.0229 -0.0098 -0.0240 -0.0326 -0.0228 -0.0126 -0.0143  0.0527
 12 30  0.0286 -0.0117 -0.0225 -0.0369 -0.0254 -0.0057 -0.0156  0.0588
 12 31  0.0348 -0.0168 -0.0174 -0.0410 -0.0278  0.0005 -0.0210  0.0645
 12 32  0.0397 -0.0253 -0.0125 -0.0445 -0.0292  0.0072 -0.0244  0.0691
 12 33  0.0397 -0.0347 -0.0056 -0.0481 -0.0323  0.0153 -0.0198  0.0710
 12 34  0.0361 -0.0423 -0.0091 -0.0531 -0.0336  0.0236  0.0024  0.0698
 12 35  0.0430 -0.0469 -0.0030 -0.0604 -0.0339  0.0302  0.0093  0.0660
 12 36  0.0478 -0.0488  0.0026 -0.0691 -0.0350  0.0345  0.0165  0.0602
 12 37  0.0488 -0.0482  0.0062 -0.0768 -0.0331  0.0365  0.0225  0.0525
 12 38  0.0454 -0.0452  0.0089 -0.0820 -0.0295  0.0361  0.0269  0.0432
 12 39  0.0402 -0.0404  0.0120 -0.0841 -0.0264  0.0327  0.0314  0.0335
 12 40  0.0363 -0.0355  0.0131 -0.0833 -0.0230  0.0272  0.0348  0.0251
 12 41  0.0339 -0.0314  0.0170 -0.0799 -0.0208  0.0213  0.0377  0.0188
 12 42  0.0313 -0.0278  0.0186 -0.0740 -0.0196  0.0160  0.0406  0.0141
 12 43  0.0280 -0.0240  0.0189 -0.0667 -0.0173  0.0116  0.0429  0.0107
 12 44  0.0258 -0.0200  0.0181 -0.0594 -0.0146  0.0077  0.0425  0.0086
 12 45  0.0219 -0.0164  0.0161 -0.0528 -0.0114  0.0041  0.0414  0.0078
 12 46  0.0191 -0.0137  0.0159 -0.0470 -0.0104  0.0007  0.0412  0.0075
 12 47  0.0161 -0.0115  0.0151 -0.0412 -0.0105 -0.0026  0.0400  0.0070
 12 48  0.0132 -0.0091  0.0140 -0.0352 -0.0082 -0.0056  0.0387  0.0068
 12 49  0.0118 -0.0065  0.0130 -0.0292 -0.0053 -0.0078  0.0342  0.0072
 13  1 -0.0002 -0.0067  0.0052  0.0074  0.0078 -0.0026  0.0059  0.0096
 13  2 -0.0008 -0.0101  0.0059  0.0049  0.0098 -0.0047  0.0103  0.0063
 13  3 -0.0003 -0.0107  0.0036  0.0032  0.0101 -0.0066  0.0090  0.0039
 13  4 -0.0011 -0.0094  0.0015  0.0033  0.0091 -0.0077  0.0075  0.0042
 13  5 -0.0012 -0.0090  0.0000  0.0049  0.0065 -0.0083  0.0065  0.0071
 13  6 -0.0014 -0.0108 -0.0018  0.0066  0.0056 -0.0096  0.0052  0.0099
 13  7 -0.0019 -0.0137 -0.0042  0.0069  0.0033 -0.0120  0.0058  0.0104
 13  8 -0.0016 -0.0157 -0.0054  0.0054  0.0036 -0.0143  0.0038  0.0086
 13  9 -0.0018 -0.0168 -0.0087  0.0031  0.0026 -0.0156  0.0019  0.0066
 13 10 -0.0029 -0.0184 -0.0128  0.0014  0.0024 -0.0167  0.0000  0.0062
 13 11 -0.0027 -0.0215 -0.0189  0.0011  0.0018 -0.0188 -0.0023  0.0073
 13 12 -0.0026 -0.0253 -0.0227  0.0025  0.0003 -0.0219 -0.0033  0.0089
 13 13 -0.0028 -0.0287 -0.0254  0.0057 -0.0016 -0.0247 -0.0050  0.0105
 13 14 -0.0055 -0.0310 -0.0240  0.0104 -0.0024 -0.0259 -0.0057  0.0125
 13 15 -0.0104 -0.0321 -0.0230  0.0143 -0.0049 -0.0268 -0.0057  0.0146
 13 16 -0.0097 -0.0315 -0.0240  0.0142 -0.0040 -0.0292 -0.0095  0.0151
 13 17 -0.0044 -0.0279 -0.0221  0.0084 -0.0024 -0.0338 -0.0149  0.0126
 13 18 -0.0032 -0.0218 -0.0185 -0.0007  0.0017 -0.0388 -0.0171  0.0086
 13 19  0.0052 -0.0159 -0.0226 -0.0080  0.0053 -0.0419 -0.0231  0.0063
 13 20  0.0107 -0.0137 -0.0218 -0.0102  0.0142 -0.0421 -0.0254  0.0079
 13 21  0.0131 -0.0157 -0.0194 -0.0084  0.0154 -0.0397 -0.0257  0.0119
 13 22  0.0115 -0.0181 -0.0151 -0.0069  0.0109 -0.0348 -0.0256  0.0147
 13 23  0.0023 -0.0160 -0.0092 -0.0090 -0.0020 -0.0285 -0.0152  0.0148
 13 24 -0.0038 -0.0086 -0.0044 -0.0140 -0.0037 -0.0231 -0.0023  0.0139
 13 25 -0.0038  0.0005 -0.0054 -0.0196 -0.0005 -0.0210 -0.0014  0.0152
 13 26 -0.0002  0.0071 -0.0066 -0.0243  0.0032 -0.0227 -0.0032  0.0197
 13 27  0.0014  0.0102 -0.0140 -0.0287 -0.0021 -0.0253 -0.0068  0.0263
 13 28  0.0062  0.0119 -0.0104 -0.0335 -0.0041 -0.0261 -0.0175  0.0331
 13 29  0.0117  0.0135 -0.0084 -0.0389 -0.0106 -0.0242 -0.0232  0.0405
 13 30  0.0149  0.0136 -0.0091 -0.0437 -0.0128 -0.0208 -0.0281  0.0499
 13 31  0.0198  0.0098 -0.0049 -0.0467 -0.0174 -0.0159 -0.0330  0.0611
 13 32  0.0267  0.0023 -0.0015 -0.0481 -0.0239 -0.0092 -0.0355  0.0715
 13 33  0.0351 -0.0061  0.0033 -0.0495 -0.0333 -0.0007 -0.0327  0.0787
 13 34  0.0344 -0.0127  0.0049 -0.0528 -0.0360  0.0077 -0.0232  0.0825
 13 35  0.0367 -0.0171  0.0106 -0.0588 -0.0370  0.0145 -0.0171  0.0843
 13 36  0.0393 -0.0199  0.0155 -0.0664 -0.0391  0.0194 -0.0086  0.0847
 13 37  0.0408 -0.0215  0.0200 -0.0731 -0.0404  0.0226  0.0002  0.0829
 13 38  0.0398 -0.0220  0.0224 -0.0774 -0.0349  0.0237  0.0075  0.0776
 13 39  0.0358 -0.0214  0.0260 -0.0789 -0.0318  0.0222  0.0143  0.0699
 13 40  0.0318 -0.0203  0.0270 -0.0777 -0.0276  0.0184  0.0208  0.0619
 13 41  0.0287 -0.0191  0.0283 -0.0741 -0.0240  0.0138  0.0235  0.0548
 13 42  0.0266 -0.0171  0.0288 -0.0686 -0.0198  0.0098  0.0264  0.0485
 13 43  0.0256 -0.0143  0.0282 -0.0619 -0.0151  0.0063  0.0288  0.0426
 13 44  0.0234 -0.0117  0.0265 -0.0553 -0.0149  0.0031  0.0292  0.0373
 13 45  0.0198 -0.0103  0.0259 -0.0497 -0.0138  0.0000  0.0297  0.0331
 13 46  0.0178 -0.0102  0.0241 -0.0449 -0.0128 -0.0028  0.0308  0.0297
 13 47  0.0141 -0.0101  0.0218 -0.0401 -0.0122 -0.0053  0.0304  0.0264
 13 48  0.0113 -0.0091  0.0201 -0.0349 -0.0081 -0.0073  0.0301  0.0234
 13 49  0.0093 -0.0075  0.0187 -0.0296 -0.0043 -0.0085  0.0282  0.0210
 14  1 -0.0025 -0.0080  0.0082  0.0063  0.0063 -0.0029  0.0108  0.0086
 14  2 -0.0026 -0.0100  0.0074  0.0061  0.0099 -0.0043  0.0126  0.0067
 14  3 -0.0009 -0.0094  0.0049  0.0067  0.0102 -0.0051  0.0112  0.0060
 14  4 -0.0001 -0.0078  0.0026  0.0077  0.0104 -0.0051  0.0092  0.0071
 14  5  0.0000 -0.0077  0.0009  0.0082  0.0090 -0.0057  0.0071  0.0090
 14  6 -0.0014 -0.0096  0.0000  0.0076  0.0077 -0.0078  0.0050  0.0097
 14  7 -0.0022 -0.0119 -0.0008  0.0056  0.0069 -0.0111  0.0047  0.0083
 14  8 -0.0029 -0.0130 -0.0011  0.0022  0.0072 -0.0138  0.0045  0.0055
 14  9 -0.0010 -0.0129 -0.0041 -0.0024  0.0063 -0.0149  0.0029  0.0027
 14 10 -0.0008 -0.0132 -0.0082 -0.0073  0.0056 -0.0152  0.0011  0.0013
 14 11 -0.0001 -0.0150 -0.0121 -0.0113  0.0047 -0.0166 -0.0002  0.0012
 14 12  0.0007 -0.0177 -0.0160 -0.0128  0.0044 -0.0197 -0.0005  0.0019
 14 13  0.0016 -0.0202 -0.0199 -0.0111  0.0039 -0.0231 -0.0012  0.0035
 14 14  0.0017 -0.0220 -0.0233 -0.0072  0.0031 -0.0254 -0.0037  0.0057
 14 15 -0.0022 -0.0229 -0.0239 -0.0042  0.0003 -0.0268 -0.0040  0.0077
 14 16 -0.0047 -0.0219 -0.0226 -0.0057  0.0022 -0.0285 -0.0084  0.0077
 14 17 -0.0051 -0.0176 -0.0171 -0.0127  0.0050 -0.0302 -0.0113  0.0041
 14 18 -0.0025 -0.0096 -0.0121 -0.0222  0.0072 -0.0304 -0.0127 -0.0019
 14 19 -0.0025 -0.0003 -0.0097 -0.0289  0.0085 -0.0281 -0.0135 -0.0072
 14 20 -0.0016  0.0057 -0.0092 -0.0295  0.0097 -0.0243 -0.0163 -0.0089
 14 21 -0.0017  0.0063 -0.0073 -0.0252  0.0126 -0.0209 -0.0164 -0.0064
 14 22 -0.0008  0.0034 -0.0073 -0.0199  0.0034 -0.0187 -0.0131 -0.0019
 14 23 -0.0036  0.0015 -0.0074 -0.0168 -0.0020 -0.0170 -0.0067  0.0022
 14 24 -0.0051  0.0033 -0.0039 -0.0162  0.0007 -0.0155 -0.0031  0.0052
 14 25 -0.0033  0.0080 -0.0042 -0.0167  0.0052 -0.0153 -0.0022  0.0075
 14 26 -0.0050  0.0131 -0.0028 -0.0179  0.0089 -0.0174 -0.0040  0.0095
 14 27 -0.0049  0.0177 -0.0042 -0.0203  0.0090 -0.0214 -0.0053  0.0110
 14 28 -0.0055  0.0226 -0.0021 -0.0245  0.0095 -0.0261 -0.0123  0.0127
 14 29 -0.0021  0.0274 -0.0023 -0.0296  0.0084 -0.0298 -0.0194  0.0166
 14 30 -0.0006  0.0299 -0.0034 -0.0335  0.0056 -0.0318 -0.0262  0.0249
 14 31  0.0012  0.0280 -0.0004 -0.0351 -0.0019 -0.0310 -0.0341  0.0368
 14 32  0.0076  0.0228  0.0021 -0.0348 -0.0119 -0.0272 -0.0371  0.0495
 14 33  0.0144  0.0173  0.0040 -0.0345 -0.0222 -0.0212 -0.0378  0.0601
 14 34  0.0194  0.0137  0.0067 -0.0363 -0.0294 -0.0150 -0.0339  0.0690
 14 35  0.0220  0.0117  0.0136 -0.0406 -0.0323 -0.0096 -0.0339  0.0780
 14 36  0.0252  0.0094  0.0179 -0.0463 -0.0352 -0.0049 -0.0282  0.0874
 14 37  0.0287  0.0061  0.0227 -0.0519 -0.0361 -0.0005 -0.0201  0.0947
 14 38  0.0293  0.0023  0.0294 -0.0559 -0.0345  0.0031 -0.0125  0.0975
 14 39  0.0282 -0.0010  0.0327 -0.0580 -0.0307  0.0046 -0.0040  0.0958
 14 40  0.0268 -0.0033  0.0354 -0.0583 -0.0289  0.0040  0.0007  0.0914
 14 41  0.0239 -0.0044  0.0375 -0.0572 -0.0255  0.0022  0.0041  0.0858
 14 42  0.0222 -0.0044  0.0365 -0.0547 -0.0191  0.0004  0.0079  0.0793
 14 43  0.0217 -0.0038  0.0344 -0.0511 -0.0152 -0.0013  0.0094  0.0717
 14 44  0.0204 -0.0038  0.0320 -0.0472 -0.0136 -0.0035  0.0128  0.0639
 14 45  0.0178 -0.0049  0.0302 -0.0432 -0.0129 -0.0060  0.0154  0.0571
 14 46  0.0155 -0.0067  0.0270 -0.0394 -0.0125 -0.0084  0.0160  0.0514
 14 47  0.0141 -0.0080  0.0252 -0.0354 -0.0112 -0.0101  0.0175  0.0461
 14 48  0.0113 -0.0082  0.0234 -0.0312 -0.0065 -0.0110  0.0170  0.0409
 14 49  0.0078 -0.0076  0.0204 -0.0271 -0.0027 -0.0112  0.0163  0.0359
 15  1 -0.0020 -0.0066  0.0084  0.0034  0.0075 -0.0026  0.0115  0.0049
 15  2 -0.0027 -0.0070  0.0065  0.0057  0.0092 -0.0033  0.0131  0.0057
 15  3 -0.0022 -0.0061  0.0050  0.0085  0.0097 -0.0031  0.0116  0.0071
 15  4 -0.0005 -0.0055  0.0034  0.0099  0.0103 -0.0028  0.0082  0.0082
 15  5 -0.0001 -0.0062  0.0019  0.0092  0.0085 -0.0038  0.0065  0.0080
 15  6 -0.0008 -0.0079  0.0009  0.0067  0.0068 -0.0067  0.0043  0.0061
 15  7 -0.0017 -0.0091  0.0007  0.0034  0.0073 -0.0104  0.0042  0.0033
 15  8 -0.0025 -0.0087  0.0008 -0.0002  0.0069 -0.0127  0.0035  0.0008
 15  9 -0.0020 -0.0075  0.0006 -0.0044  0.0076 -0.0128  0.0030 -0.0005
 15 10 -0.0012 -0.0069 -0.0003 -0.0091  0.0077 -0.0117  0.0031 -0.0007
 15 11 -0.0001 -0.0078 -0.0032 -0.0135  0.0070 -0.0115  0.0026 -0.0001
 15 12  0.0015 -0.0095 -0.0074 -0.0162  0.0076 -0.0133  0.0028  0.0011
 15 13  0.0032 -0.0112 -0.0101 -0.0169  0.0079 -0.0159  0.0021  0.0026
 15 14  0.0021 -0.0123 -0.0143 -0.0167  0.0073 -0.0181 -0.0002  0.0041
 15 15 -0.0003 -0.0128 -0.0165 -0.0177  0.0058 -0.0197 -0.0014  0.0049
 15 16 -0.0011 -0.0121 -0.0152 -0.0215  0.0078 -0.0208 -0.0047  0.0040
 15 17 -0.0021 -0.0089 -0.0102 -0.0277  0.0115 -0.0207 -0.0049  0.0005
 15 18 -0.0030 -0.0025 -0.0049 -0.0335  0.0129 -0.0182 -0.0056 -0.0053
 15 19 -0.0048  0.0055 -0.0013 -0.0359  0.0105 -0.0131 -0.0055 -0.0112
 15 20 -0.0086  0.0117  0.0019 -0.0337  0.0120 -0.0081 -0.0057 -0.0148
 15 21 -0.0101  0.0134  0.0038 -0.0282  0.0095 -0.0060 -0.0076 -0.0143
 15 22 -0.0046  0.0112  0.0002 -0.0222  0.0082 -0.0075 -0.0089 -0.0104
 15 23 -0.0063  0.0080 -0.0025 -0.0173  0.0093 -0.0103 -0.0060 -0.0054
 15 24 -0.0052  0.0066 -0.0033 -0.0134  0.0079 -0.0116 -0.0058 -0.0012
 15 25 -0.0019  0.0075 -0.0037 -0.0099  0.0078 -0.0112 -0.0010  0.0009
 15 26 -0.0031  0.0104 -0.0038 -0.0071  0.0082 -0.0111  0.0007  0.0004
 15 27 -0.0065  0.0154 -0.0013 -0.0064  0.0106 -0.0133 -0.0013 -0.0023
 15 28 -0.0081  0.0225 -0.0002 -0.0080  0.0134 -0.0186 -0.0049 -0.0058
 15 29 -0.0083  0.0306 -0.0012 -0.0108  0.0119 -0.0261 -0.0094 -0.0071
 15 30 -0.0073  0.0366 -0.0020 -0.0128  0.0096 -0.0336 -0.0133 -0.0038
 15 31 -0.0067  0.0383 -0.0009 -0.0130  0.0057 -0.0389 -0.0204  0.0044
 15 32 -0.0053  0.0366  0.0006 -0.0120 -0.0005 -0.0410 -0.0284  0.0151
 15 33 -0.0010  0.0345  0.0034 -0.0108 -0.0079 -0.0405 -0.0338  0.0263
 15 34  0.0047  0.0344  0.0061 -0.0104 -0.0173 -0.0391 -0.0356  0.0382
 15 35  0.0061  0.0353  0.0105 -0.0112 -0.0230 -0.0374 -0.0382  0.0523
 15 36  0.0101  0.0352  0.0158 -0.0128 -0.0256 -0.0349 -0.0362  0.0682
 15 37  0.0137  0.0326  0.0206 -0.0147 -0.0288 -0.0308 -0.0325  0.0832
 15 38  0.0176  0.0282  0.0264 -0.0166 -0.0301 -0.0259 -0.0276  0.0940
 15 39  0.0182  0.0234  0.0295 -0.0183 -0.0275 -0.0214 -0.0227  0.0999
 15 40  0.0198  0.0192  0.0331 -0.0200 -0.0249 -0.0181 -0.0168  0.1019
 15 41  0.0190  0.0160  0.0356 -0.0220 -0.0203 -0.0156 -0.0132  0.1011
 15 42  0.0177  0.0133  0.0370 -0.0242 -0.0165 -0.0135 -0.0108  0.0977
 15 43  0.0171  0.0104  0.0364 -0.0261 -0.0128 -0.0120 -0.0076  0.0920
 15 44  0.0157  0.0069  0.0318 -0.0271 -0.0119 -0.0118 -0.0048  0.0851
 15 45  0.0143  0.0029  0.0280 -0.0269 -0.0113 -0.0128 -0.0024  0.0786
 15 46  0.0141 -0.0007  0.0267 -0.0258 -0.0108 -0.0142 -0.0004  0.0725
 15 47  0.0141 -0.0032  0.0252 -0.0242 -0.0102 -0.0153  0.0032  0.0662
 15 48  0.0117 -0.0047  0.0232 -0.0224 -0.0068 -0.0155  0.0054  0.0591
 15 49  0.0090 -0.0056  0.0201 -0.0206 -0.0003 -0.0150  0.0063  0.0517
 16  1 -0.0006 -0.0049  0.0062  0.0016  0.0062 -0.0025  0.0074  0.0013
 16  2 -0.0014 -0.0046  0.0065  0.0048  0.0075 -0.0032  0.0089  0.0037
 16  3 -0.0019 -0.0043  0.0046  0.0079  0.0084 -0.0032  0.0106  0.0059
 16  4 -0.0008 -0.0046  0.0038  0.0089  0.0090 -0.0033  0.0085  0.0064
 16  5 -0.0013 -0.0057  0.0034  0.0071  0.0081 -0.0046  0.0065  0.0043
 16  6 -0.0018 -0.0064  0.0035  0.0036  0.0067 -0.0073  0.0055  0.0008
 16  7 -0.0021 -0.0059  0.0043  0.0000  0.0073 -0.0102  0.0058 -0.0024
 16  8 -0.0026 -0.0041  0.0065 -0.0027  0.0080 -0.0114  0.0044 -0.0039
 16  9 -0.0020 -0.0023  0.0064 -0.0050  0.0091 -0.0103  0.0047 -0.0035
 16 10 -0.0017 -0.0017  0.0048 -0.0073  0.0083 -0.0082  0.0053 -0.0020
 16 11 -0.0022 -0.0024  0.0025 -0.0096  0.0078 -0.0067  0.0066  0.0000
 16 12 -0.0021 -0.0036  0.0002 -0.0118  0.0082 -0.0067  0.0058  0.0018
 16 13  0.0008 -0.0046 -0.0028 -0.0141  0.0107 -0.0077  0.0045  0.0032
 16 14  0.0015 -0.0050 -0.0047 -0.0172  0.0112 -0.0087  0.0030  0.0036
 16 15  0.0007 -0.0049 -0.0060 -0.0214  0.0099 -0.0098  0.0026  0.0032
 16 16 -0.0001 -0.0044 -0.0064 -0.0256  0.0101 -0.0110 -0.0005  0.0019
 16 17 -0.0023 -0.0029 -0.0050 -0.0284  0.0119 -0.0113 -0.0006 -0.0001
 16 18 -0.0037  0.0001 -0.0030 -0.0284  0.0122 -0.0094 -0.0017 -0.0031
 16 19 -0.0036  0.0041  0.0020 -0.0256  0.0096 -0.0055 -0.0021 -0.0066
 16 20 -0.0049  0.0076  0.0042 -0.0212  0.0075 -0.0019 -0.0009 -0.0094
 16 21 -0.0049  0.0090  0.0051 -0.0170  0.0098 -0.0016 -0.0005 -0.0101
 16 22 -0.0038  0.0083  0.0036 -0.0137  0.0098 -0.0049 -0.0010 -0.0084
 16 23 -0.0052  0.0066  0.0022 -0.0108  0.0137 -0.0090 -0.0028 -0.0053
 16 24 -0.0027  0.0050 -0.0014 -0.0074  0.0107 -0.0105 -0.0025 -0.0026
 16 25 -0.0014  0.0041 -0.0024 -0.0031  0.0088 -0.0086 -0.0014 -0.0014
 16 26 -0.0026  0.0043 -0.0021  0.0011  0.0102 -0.0055  0.0009 -0.0024
 16 27 -0.0054  0.0072 -0.0003  0.0039  0.0098 -0.0048  0.0039 -0.0061
 16 28 -0.0078  0.0139 -0.0005  0.0051  0.0135 -0.0085  0.0029 -0.0116
 16 29 -0.0090  0.0234 -0.0006  0.0053  0.0127 -0.0166  0.0003 -0.0169
 16 30 -0.0083  0.0325 -0.0010  0.0056  0.0132 -0.0271 -0.0032 -0.0193
 16 31 -0.0097  0.0383 -0.0014  0.0065  0.0117 -0.0371 -0.0086 -0.0172
 16 32 -0.0097  0.0407 -0.0032  0.0079  0.0098 -0.0450 -0.0143 -0.0112
 16 33 -0.0081  0.0421 -0.0032  0.0099  0.0043 -0.0507 -0.0191 -0.0028
 16 34 -0.0051  0.0445 -0.0003  0.0131 -0.0017 -0.0552 -0.0273  0.0079
 16 35 -0.0042  0.0481  0.0029  0.0175 -0.0082 -0.0587 -0.0308  0.0211
 16 36 -0.0026  0.0508  0.0075  0.0223 -0.0123 -0.0604 -0.0326  0.0365
 16 37  0.0016  0.0510  0.0126  0.0266 -0.0148 -0.0592 -0.0352  0.0521
 16 38  0.0063  0.0487  0.0164  0.0295 -0.0181 -0.0553 -0.0350  0.0658
 16 39  0.0094  0.0449  0.0188  0.0307 -0.0195 -0.0496 -0.0330  0.0766
 16 40  0.0112  0.0406  0.0224  0.0298 -0.0194 -0.0435 -0.0301  0.0847
 16 41  0.0129  0.0360  0.0267  0.0265 -0.0163 -0.0374 -0.0269  0.0903
 16 42  0.0123  0.0310  0.0283  0.0210 -0.0137 -0.0314 -0.0244  0.0931
 16 43  0.0133  0.0252  0.0284  0.0144 -0.0117 -0.0264 -0.0217  0.0932
 16 44  0.0133  0.0190  0.0279  0.0079 -0.0093 -0.0230 -0.0186  0.0915
 16 45  0.0114  0.0129  0.0258  0.0026 -0.0086 -0.0212 -0.0158  0.0890
 16 46  0.0108  0.0077  0.0239 -0.0015 -0.0078 -0.0205 -0.0134  0.0855
 16 47  0.0124  0.0037  0.0221 -0.0047 -0.0059 -0.0199 -0.0129  0.0802
 16 48  0.0117  0.0005  0.0208 -0.0072 -0.0048 -0.0189 -0.0093  0.0729
 16 49  0.0112 -0.0022  0.0192 -0.0091 -0.0019 -0.0178 -0.0068  0.0646
 17  1  0.0000 -0.0048  0.0063  0.0034  0.0054 -0.0018  0.0069  0.0024
 17  2 -0.0003 -0.0046  0.0057  0.0054  0.0070 -0.0031  0.0058  0.0042
 17  3 -0.0015 -0.0046  0.0043  0.0071  0.0080 -0.0039  0.0077  0.0053
 17  4 -0.0016 -0.0051  0.0047  0.0067  0.0091 -0.0045  0.0087  0.0045
 17  5 -0.0015 -0.0055  0.0053  0.0039  0.0084 -0.0056  0.0073  0.0017
 17  6 -0.0019 -0.0047  0.0071  0.0001  0.0059 -0.0071  0.0068 -0.0019
 17  7 -0.0007 -0.0028  0.0071 -0.0032  0.0069 -0.0081  0.0080 -0.0044
 17  8 -0.0006 -0.0005  0.0075 -0.0049  0.0081 -0.0080  0.0065 -0.0051
 17  9 -0.0005  0.0010  0.0063 -0.0054  0.0085 -0.0065  0.0042 -0.0041
 17 10 -0.0002  0.0009  0.0042 -0.0054  0.0067 -0.0047  0.0033 -0.0023
 17 11 -0.0011 -0.0001  0.0057 -0.0054  0.0054 -0.0035  0.0058 -0.0003
 17 12 -0.0035 -0.0013  0.0041 -0.0061  0.0065 -0.0031  0.0077  0.0013
 17 13 -0.0020 -0.0018  0.0030 -0.0083  0.0084 -0.0029  0.0060  0.0021
 17 14  0.0001 -0.0014  0.0030 -0.0120  0.0113 -0.0028  0.0055  0.0016
 17 15  0.0015 -0.0007  0.0006 -0.0160  0.0135 -0.0031  0.0033  0.0004
 17 16  0.0006  0.0002 -0.0039 -0.0182  0.0122 -0.0043  0.0010 -0.0004
 17 17 -0.0012  0.0009 -0.0034 -0.0170  0.0109 -0.0056  0.0009 -0.0004
 17 18 -0.0001  0.0015  0.0001 -0.0126  0.0068 -0.0058  0.0026  0.0000
 17 19 -0.0014  0.0021  0.0017 -0.0073  0.0082 -0.0045  0.0049  0.0001
 17 20 -0.0025  0.0026  0.0030 -0.0033  0.0103 -0.0031  0.0042 -0.0004
 17 21 -0.0028  0.0030  0.0029 -0.0016  0.0093 -0.0033  0.0029 -0.0010
 17 22 -0.0030  0.0034  0.0021 -0.0016  0.0091 -0.0054  0.0026 -0.0009
 17 23 -0.0028  0.0037  0.0025 -0.0016  0.0064 -0.0078  0.0019 -0.0005
 17 24 -0.0017  0.0034  0.0000 -0.0005  0.0055 -0.0080  0.0006  0.0002
 17 25 -0.0025  0.0022 -0.0004  0.0018  0.0079 -0.0054  0.0002  0.0007
 17 26 -0.0022  0.0005 -0.0011  0.0043  0.0090 -0.0019  0.0017  0.0007
 17 27 -0.0043  0.0003 -0.0005  0.0064  0.0094 -0.0001  0.0032 -0.0010
 17 28 -0.0069  0.0039 -0.0017  0.0084  0.0112 -0.0023  0.0057 -0.0052
 17 29 -0.0090  0.0114 -0.0021  0.0107  0.0132 -0.0088  0.0074 -0.0114
 17 30 -0.0095  0.0206 -0.0029  0.0131  0.0149 -0.0183  0.0055 -0.0171
 17 31 -0.0105  0.0283 -0.0051  0.0153  0.0165 -0.0287  0.0030 -0.0199
 17 32 -0.0113  0.0333 -0.0091  0.0173  0.0168 -0.0386 -0.0014 -0.0190
 17 33 -0.0100  0.0367 -0.0110  0.0204  0.0149 -0.0475 -0.0061 -0.0152
 17 34 -0.0076  0.0405 -0.0110  0.0260  0.0108 -0.0557 -0.0136 -0.0097
 17 35 -0.0068  0.0453 -0.0060  0.0344  0.0050 -0.0631 -0.0196 -0.0029
 17 36 -0.0064  0.0501 -0.0034  0.0444 -0.0005 -0.0687 -0.0234  0.0052
 17 37 -0.0059  0.0531 -0.0012  0.0538 -0.0026 -0.0711 -0.0267  0.0146
 17 38 -0.0017  0.0537  0.0015  0.0610 -0.0058 -0.0699 -0.0298  0.0247
 17 39  0.0012  0.0520  0.0047  0.0655 -0.0092 -0.0657 -0.0332  0.0353
 17 40  0.0028  0.0488  0.0085  0.0671 -0.0119 -0.0596 -0.0332  0.0459
 17 41  0.0037  0.0445  0.0134  0.0655 -0.0111 -0.0527 -0.0314  0.0558
 17 42  0.0046  0.0394  0.0152  0.0608 -0.0097 -0.0457 -0.0302  0.0640
 17 43  0.0062  0.0336  0.0154  0.0537 -0.0098 -0.0392 -0.0295  0.0702
 17 44  0.0076  0.0273  0.0149  0.0454 -0.0083 -0.0339 -0.0274  0.0747
 17 45  0.0073  0.0213  0.0150  0.0370 -0.0069 -0.0296 -0.0254  0.0778
 17 46  0.0072  0.0157  0.0161  0.0288 -0.0043 -0.0260 -0.0238  0.0789
 17 47  0.0090  0.0106  0.0155  0.0209 -0.0022 -0.0227 -0.0226  0.0771
 17 48  0.0103  0.0060  0.0148  0.0136 -0.0011 -0.0199 -0.0212  0.0724
 17 49  0.0095  0.0017  0.0139  0.0077 -0.0004 -0.0177 -0.0179  0.0663
 18  1 -0.0006 -0.0053  0.0051  0.0064  0.0047 -0.0004  0.0066  0.0065
 18  2 -0.0004 -0.0050  0.0055  0.0068  0.0060 -0.0018  0.0064  0.0065
 18  3 -0.0006 -0.0048  0.0048  0.0063  0.0064 -0.0029  0.0066  0.0056
 18  4 -0.0018 -0.0046  0.0063  0.0042  0.0082 -0.0037  0.0080  0.0037
 18  5 -0.0032 -0.0038  0.0084  0.0009  0.0061 -0.0041  0.0086  0.0011
 18  6 -0.0011 -0.0022  0.0079 -0.0027  0.0056 -0.0040  0.0082 -0.0013
 18  7 -0.0002  0.0000  0.0064 -0.0053  0.0066 -0.0035  0.0070 -0.0026
 18  8 -0.0004  0.0017  0.0062 -0.0063  0.0081 -0.0026  0.0063 -0.0027
 18  9 -0.0013  0.0021  0.0063 -0.0060  0.0063 -0.0018  0.0045 -0.0021
 18 10 -0.0013  0.0012  0.0055 -0.0050  0.0062 -0.0016  0.0048 -0.0013
 18 11 -0.0020 -0.0002  0.0057 -0.0038  0.0048 -0.0020  0.0048 -0.0006
 18 12 -0.0029 -0.0011  0.0041 -0.0032  0.0041 -0.0026  0.0066  0.0000
 18 13 -0.0026 -0.0012  0.0051 -0.0040  0.0087 -0.0028  0.0066 -0.0002
 18 14 -0.0001 -0.0004  0.0046 -0.0060  0.0107 -0.0023  0.0058 -0.0012
 18 15  0.0016  0.0010  0.0028 -0.0078  0.0132 -0.0020  0.0061 -0.0023
 18 16  0.0014  0.0024  0.0019 -0.0075  0.0072 -0.0024  0.0028 -0.0025
 18 17  0.0021  0.0032  0.0044 -0.0043  0.0061 -0.0034  0.0049 -0.0011
 18 18  0.0016  0.0033  0.0046  0.0005  0.0059 -0.0044  0.0050  0.0012
 18 19  0.0011  0.0027  0.0040  0.0047  0.0071 -0.0046  0.0058  0.0033
 18 20  0.0001  0.0019  0.0023  0.0066  0.0070 -0.0042  0.0046  0.0042
 18 21 -0.0012  0.0015  0.0025  0.0063  0.0093 -0.0041  0.0031  0.0042
 18 22 -0.0021  0.0019  0.0009  0.0050  0.0084 -0.0043  0.0007  0.0036
 18 23 -0.0012  0.0029  0.0002  0.0042  0.0060 -0.0044  0.0008  0.0027
 18 24 -0.0025  0.0036  0.0009  0.0040  0.0058 -0.0037  0.0002  0.0020
 18 25 -0.0021  0.0031  0.0003  0.0040  0.0056 -0.0021 -0.0003  0.0023
 18 26 -0.0021  0.0011  0.0000  0.0037  0.0065 -0.0006  0.0003  0.0035
 18 27 -0.0015 -0.0009 -0.0013  0.0036  0.0047 -0.0003  0.0019  0.0042
 18 28 -0.0041 -0.0006 -0.0019  0.0048  0.0056 -0.0021  0.0051  0.0026
 18 29 -0.0052  0.0029 -0.0034  0.0076  0.0063 -0.0062  0.0080 -0.0018
 18 30 -0.0066  0.0088 -0.0041  0.0113  0.0067 -0.0123  0.0099 -0.0073
 18 31 -0.0087  0.0148 -0.0069  0.0148  0.0101 -0.0194  0.0103 -0.0117
 18 32 -0.0098  0.0194 -0.0111  0.0178  0.0132 -0.0270  0.0068 -0.0137
 18 33 -0.0095  0.0227 -0.0141  0.0214  0.0139 -0.0346  0.0052 -0.0141
 18 34 -0.0079  0.0262 -0.0159  0.0275  0.0142 -0.0423  0.0000 -0.0144
 18 35 -0.0064  0.0307 -0.0143  0.0365  0.0121 -0.0497 -0.0054 -0.0150
 18 36 -0.0061  0.0357 -0.0132  0.0470  0.0088 -0.0562 -0.0084 -0.0153
 18 37 -0.0074  0.0398 -0.0109  0.0568  0.0074 -0.0604 -0.0128 -0.0139
 18 38 -0.0052  0.0420 -0.0088  0.0644  0.0038 -0.0617 -0.0152 -0.0099
 18 39 -0.0031  0.0420 -0.0046  0.0696 -0.0011 -0.0602 -0.0193 -0.0033
 18 40 -0.0012  0.0404 -0.0012  0.0728 -0.0035 -0.0566 -0.0234  0.0054
 18 41 -0.0017  0.0380 -0.0002  0.0742 -0.0060 -0.0520 -0.0255  0.0148
 18 42 -0.0012  0.0351  0.0015  0.0737 -0.0073 -0.0471 -0.0266  0.0238
 18 43 -0.0012  0.0319  0.0025  0.0711 -0.0072 -0.0422 -0.0277  0.0319
 18 44  0.0002  0.0285  0.0035  0.0668 -0.0070 -0.0375 -0.0271  0.0392
 18 45  0.0023  0.0248  0.0035  0.0608 -0.0047 -0.0325 -0.0267  0.0455
 18 46  0.0038  0.0205  0.0039  0.0532 -0.0033 -0.0273 -0.0270  0.0503
 18 47  0.0058  0.0158  0.0044  0.0443 -0.0018 -0.0222 -0.0268  0.0527
 18 48  0.0079  0.0109  0.0058  0.0350 -0.0012 -0.0179 -0.0261  0.0526
 18 49  0.0086  0.0061  0.0067  0.0268 -0.0003 -0.0149 -0.0257  0.0510
 19  1 -0.0007 -0.0044  0.0024  0.0066  0.0051  0.0007  0.0042  0.0071
 19  2 -0.0005 -0.0038  0.0039  0.0058  0.0065  0.0000  0.0051  0.0058
 19  3 -0.0012 -0.0030  0.0047  0.0039  0.0063 -0.0007  0.0068  0.0037
 19  4 -0.0026 -0.0020  0.0079  0.0011  0.0057 -0.0009  0.0078  0.0015
 19  5 -0.0018 -0.0007  0.0081 -0.0021  0.0046 -0.0005  0.0089 -0.0002
 19  6 -0.0007  0.0008  0.0062 -0.0048  0.0048  0.0004  0.0069 -0.0010
 19  7  0.0002  0.0021  0.0056 -0.0064  0.0054  0.0014  0.0062 -0.0011
 19  8 -0.0002  0.0026  0.0055 -0.0068  0.0052  0.0019  0.0051 -0.0008
 19  9 -0.0010  0.0021  0.0056 -0.0064  0.0047  0.0017  0.0040 -0.0006
 19 10 -0.0010  0.0009  0.0052 -0.0054  0.0041  0.0004  0.0031 -0.0007
 19 11 -0.0022 -0.0004  0.0060 -0.0041  0.0040 -0.0014  0.0046 -0.0008
 19 12 -0.0028 -0.0009  0.0062 -0.0030  0.0038 -0.0031  0.0050 -0.0011
 19 13 -0.0021 -0.0006  0.0058 -0.0026  0.0058 -0.0040  0.0051 -0.0018
 19 14 -0.0007  0.0006  0.0065 -0.0028  0.0079 -0.0040  0.0047 -0.0028
 19 15  0.0002  0.0021  0.0049 -0.0027  0.0048 -0.0034  0.0003 -0.0035
 19 16  0.0008  0.0036  0.0042 -0.0015  0.0037 -0.0029  0.0009 -0.0032
 19 17  0.0013  0.0046  0.0061  0.0011  0.0033 -0.0026  0.0032 -0.0017
 19 18  0.0013  0.0049  0.0058  0.0038  0.0040 -0.0025  0.0035  0.0004
 19 19  0.0015  0.0046  0.0048  0.0053  0.0030 -0.0025  0.0047  0.0020
 19 20  0.0008  0.0038  0.0034  0.0052  0.0029 -0.0024  0.0025  0.0028
 19 21  0.0006  0.0031  0.0024  0.0043  0.0024 -0.0021  0.0009  0.0028
 19 22 -0.0004  0.0030  0.0016  0.0038  0.0040 -0.0016 -0.0008  0.0022
 19 23 -0.0006  0.0035  0.0012  0.0041  0.0038 -0.0009 -0.0022  0.0013
 19 24 -0.0005  0.0044  0.0010  0.0044  0.0036 -0.0002 -0.0010  0.0005
 19 25  0.0000  0.0046  0.0004  0.0037  0.0017  0.0000  0.0002  0.0007
 19 26 -0.0002  0.0038  0.0003  0.0020  0.0015 -0.0007  0.0001  0.0019
 19 27 -0.0008  0.0021  0.0010  0.0005  0.0002 -0.0022  0.0017  0.0034
 19 28 -0.0010  0.0008  0.0007  0.0007 -0.0012 -0.0041  0.0036  0.0037
 19 29 -0.0018  0.0010  0.0001  0.0032 -0.0009 -0.0064  0.0057  0.0019
 19 30 -0.0027  0.0028 -0.0009  0.0072 -0.0014 -0.0090  0.0072 -0.0012
 19 31 -0.0047  0.0054 -0.0051  0.0111 -0.0007 -0.0123  0.0091 -0.0043
 19 32 -0.0058  0.0077 -0.0080  0.0143  0.0012 -0.0161  0.0099 -0.0067
 19 33 -0.0060  0.0097 -0.0113  0.0175  0.0051 -0.0202  0.0087 -0.0092
 19 34 -0.0055  0.0120 -0.0137  0.0222  0.0065 -0.0245  0.0076 -0.0128
 19 35 -0.0032  0.0151 -0.0138  0.0288  0.0075 -0.0290  0.0075 -0.0175
 19 36 -0.0026  0.0187 -0.0135  0.0361  0.0089 -0.0332  0.0038 -0.0223
 19 37 -0.0035  0.0219 -0.0132  0.0425  0.0076 -0.0367  0.0011 -0.0255
 19 38 -0.0042  0.0238 -0.0126  0.0470  0.0061 -0.0389 -0.0026 -0.0260
 19 39 -0.0033  0.0244 -0.0116  0.0501  0.0061 -0.0394 -0.0060 -0.0237
 19 40 -0.0020  0.0240 -0.0081  0.0529  0.0023 -0.0386 -0.0105 -0.0195
 19 41 -0.0028  0.0235 -0.0069  0.0561  0.0002 -0.0370 -0.0120 -0.0141
 19 42 -0.0037  0.0233 -0.0067  0.0594 -0.0036 -0.0351 -0.0150 -0.0086
 19 43 -0.0036  0.0233 -0.0069  0.0625 -0.0058 -0.0329 -0.0172 -0.0032
 19 44 -0.0029  0.0232 -0.0078  0.0643 -0.0057 -0.0301 -0.0175  0.0022
 19 45 -0.0011  0.0225 -0.0061  0.0642 -0.0038 -0.0265 -0.0192  0.0077
 19 46  0.0008  0.0208 -0.0057  0.0613 -0.0027 -0.0220 -0.0202  0.0131
 19 47  0.0034  0.0180 -0.0050  0.0556 -0.0015 -0.0173 -0.0223  0.0178
 19 48  0.0056  0.0143 -0.0039  0.0481  0.0002 -0.0134 -0.0234  0.0213
 19 49  0.0068  0.0103 -0.0024  0.0403  0.0022 -0.0107 -0.0246  0.0239
 20  1 -0.0007 -0.0023  0.0013  0.0034  0.0033  0.0010  0.0048  0.0026
 20  2 -0.0010 -0.0016  0.0028  0.0022  0.0047  0.0009  0.0056  0.0012
 20  3 -0.0015 -0.0005  0.0032  0.0001  0.0042  0.0009  0.0054 -0.0007
 20  4 -0.0010  0.0008  0.0039 -0.0023  0.0030  0.0012  0.0053 -0.0023
 20  5 -0.0012  0.0018  0.0028 -0.0044  0.0036  0.0020  0.0034 -0.0032
 20  6 -0.0011  0.0026  0.0009 -0.0056  0.0035  0.0027  0.0024 -0.0032
 20  7 -0.0015  0.0030  0.0029 -0.0061  0.0032  0.0032  0.0032 -0.0028
 20  8 -0.0012  0.0028  0.0053 -0.0060  0.0040  0.0030  0.0035 -0.0024
 20  9 -0.0014  0.0020  0.0054 -0.0056  0.0039  0.0020  0.0023 -0.0022
 20 10 -0.0007  0.0010  0.0052 -0.0050  0.0043  0.0006  0.0031 -0.0021
 20 11 -0.0006  0.0001  0.0055 -0.0041  0.0036 -0.0010  0.0032 -0.0021
 20 12 -0.0009 -0.0001  0.0065 -0.0032  0.0037 -0.0024  0.0036 -0.0021
 20 13 -0.0011  0.0006  0.0076 -0.0025  0.0042 -0.0033  0.0025 -0.0025
 20 14 -0.0008  0.0018  0.0053 -0.0021  0.0024 -0.0038  0.0006 -0.0032
 20 15  0.0007  0.0032  0.0043 -0.0017  0.0024 -0.0037 -0.0012 -0.0035
 20 16  0.0027  0.0043  0.0043 -0.0010  0.0041 -0.0030 -0.0006 -0.0031
 20 17  0.0030  0.0048  0.0033 -0.0001  0.0056 -0.0019 -0.0014 -0.0022
 20 18  0.0028  0.0048  0.0037  0.0005  0.0063 -0.0008 -0.0015 -0.0013
 20 19  0.0016  0.0046  0.0036  0.0005  0.0053 -0.0001 -0.0014 -0.0010
 20 20  0.0007  0.0043  0.0030  0.0000  0.0037  0.0001 -0.0001 -0.0012
 20 21  0.0003  0.0041  0.0027 -0.0003  0.0031  0.0001 -0.0008 -0.0015
 20 22 -0.0006  0.0039  0.0019  0.0001  0.0039  0.0003 -0.0014 -0.0016
 20 23  0.0001  0.0039  0.0012  0.0011  0.0041  0.0009 -0.0009 -0.0017
 20 24 -0.0010  0.0043  0.0005  0.0019  0.0038  0.0013 -0.0002 -0.0019
 20 25 -0.0009  0.0049  0.0005  0.0015  0.0023  0.0010 -0.0002 -0.0019
 20 26 -0.0004  0.0050 -0.0005  0.0002 -0.0004 -0.0002  0.0010 -0.0015
 20 27 -0.0001  0.0045 -0.0005 -0.0011 -0.0015 -0.0021  0.0019 -0.0006
 20 28  0.0007  0.0035 -0.0006 -0.0011 -0.0031 -0.0038  0.0030  0.0000
 20 29  0.0011  0.0025 -0.0010  0.0008 -0.0043 -0.0050  0.0039 -0.0001
 20 30  0.0010  0.0022 -0.0015  0.0039 -0.0048 -0.0059  0.0045 -0.0008
 20 31 -0.0002  0.0025 -0.0013  0.0070 -0.0064 -0.0069  0.0058 -0.0020
 20 32 -0.0003  0.0031 -0.0031  0.0096 -0.0048 -0.0083  0.0084 -0.0038
 20 33 -0.0007  0.0040 -0.0043  0.0120 -0.0029 -0.0097  0.0068 -0.0066
 20 34 -0.0014  0.0051 -0.0058  0.0150 -0.0006 -0.0110  0.0055 -0.0109
 20 35 -0.0011  0.0066 -0.0068  0.0189  0.0006 -0.0122  0.0061 -0.0161
 20 36 -0.0013  0.0083 -0.0088  0.0229  0.0047 -0.0137  0.0073 -0.0211
 20 37 -0.0013  0.0096 -0.0083  0.0260  0.0057 -0.0153  0.0059 -0.0249
 20 38 -0.0027  0.0104 -0.0095  0.0277  0.0062 -0.0168  0.0040 -0.0271
 20 39 -0.0031  0.0106 -0.0107  0.0287  0.0072 -0.0178  0.0018 -0.0278
 20 40 -0.0026  0.0106 -0.0106  0.0301  0.0073 -0.0182 -0.0013 -0.0274
 20 41 -0.0019  0.0110 -0.0098  0.0328  0.0057 -0.0181 -0.0030 -0.0264
 20 42 -0.0032  0.0120 -0.0097  0.0368  0.0031 -0.0176 -0.0035 -0.0249
 20 43 -0.0039  0.0135 -0.0099  0.0417  0.0027 -0.0169 -0.0047 -0.0232
 20 44 -0.0036  0.0150 -0.0118  0.0465  0.0009 -0.0157 -0.0068 -0.0212
 20 45 -0.0028  0.0163 -0.0126  0.0502 -0.0008 -0.0138 -0.0082 -0.0185
 20 46 -0.0017  0.0167 -0.0114  0.0516  0.0001 -0.0113 -0.0105 -0.0149
 20 47 -0.0001  0.0162 -0.0107  0.0502  0.0009 -0.0086 -0.0142 -0.0107
 20 48  0.0018  0.0147 -0.0103  0.0465  0.0009 -0.0065 -0.0162 -0.0063
 20 49  0.0037  0.0125 -0.0093  0.0414  0.0013 -0.0051 -0.0178 -0.0022
 21  1  0.0029 -0.0006  0.0010  0.0001 -0.0006  0.0008  0.0017 -0.0011
 21  2  0.0019 -0.0002  0.0017 -0.0011  0.0007  0.0007  0.0026 -0.0019
 21  3  0.0014  0.0008  0.0015 -0.0025  0.0015  0.0008  0.0022 -0.0031
 21  4  0.0002  0.0017 -0.0004 -0.0036  0.0011  0.0012  0.0012 -0.0041
 21  5 -0.0004  0.0024 -0.0006 -0.0042  0.0017  0.0018  0.0006 -0.0049
 21  6 -0.0005  0.0027  0.0000 -0.0041  0.0026  0.0021  0.0010 -0.0052
 21  7 -0.0014  0.0026  0.0008 -0.0037  0.0029  0.0018  0.0022 -0.0054
 21  8 -0.0025  0.0024  0.0022 -0.0033  0.0030  0.0009  0.0021 -0.0055
 21  9 -0.0015  0.0020  0.0027 -0.0031  0.0029 -0.0001  0.0017 -0.0053
 21 10 -0.0003  0.0014  0.0043 -0.0029  0.0016 -0.0008  0.0010 -0.0048
 21 11 -0.0006  0.0008  0.0049 -0.0025  0.0010 -0.0011  0.0025 -0.0040
 21 12 -0.0009  0.0007  0.0061 -0.0019  0.0014 -0.0011  0.0028 -0.0033
 21 13 -0.0012  0.0013  0.0064 -0.0015  0.0021 -0.0012  0.0027 -0.0030
 21 14 -0.0006  0.0024  0.0057 -0.0014  0.0022 -0.0016  0.0017 -0.0031
 21 15  0.0016  0.0036  0.0048 -0.0016  0.0021 -0.0020  0.0009 -0.0033
 21 16  0.0027  0.0042  0.0030 -0.0019  0.0019 -0.0021  0.0007 -0.0032
 21 17  0.0023  0.0039  0.0017 -0.0020  0.0033 -0.0014  0.0002 -0.0029
 21 18  0.0014  0.0033  0.0027 -0.0020  0.0048 -0.0004 -0.0008 -0.0028
 21 19  0.0009  0.0028  0.0025 -0.0020  0.0039  0.0005 -0.0030 -0.0031
 21 20  0.0012  0.0028  0.0027 -0.0019  0.0053  0.0008 -0.0027 -0.0036
 21 21  0.0006  0.0033  0.0023 -0.0018  0.0056  0.0008 -0.0021 -0.0038
 21 22  0.0001  0.0038  0.0010 -0.0016  0.0039  0.0009 -0.0015 -0.0035
 21 23 -0.0007  0.0040  0.0000 -0.0013  0.0030  0.0013  0.0003 -0.0029
 21 24 -0.0005  0.0042 -0.0014 -0.0013  0.0018  0.0018 -0.0007 -0.0026
 21 25  0.0008  0.0043 -0.0017 -0.0016  0.0010  0.0019 -0.0001 -0.0026
 21 26 -0.0008  0.0045 -0.0011 -0.0022 -0.0012  0.0011  0.0019 -0.0029
 21 27 -0.0008  0.0044 -0.0008 -0.0026 -0.0024 -0.0001  0.0023 -0.0031
 21 28 -0.0004  0.0040 -0.0001 -0.0022 -0.0039 -0.0012  0.0018 -0.0031
 21 29  0.0005  0.0036 -0.0005 -0.0010 -0.0068 -0.0018  0.0008 -0.0029
 21 30  0.0004  0.0033  0.0000  0.0007 -0.0051 -0.0020  0.0012 -0.0028
 21 31  0.0013  0.0034  0.0005  0.0026 -0.0049 -0.0021  0.0025 -0.0033
 21 32  0.0010  0.0037 -0.0001  0.0044 -0.0058 -0.0024  0.0034 -0.0049
 21 33  0.0004  0.0042 -0.0013  0.0062 -0.0039 -0.0026  0.0042 -0.0077
 21 34 -0.0001  0.0046  0.0004  0.0085 -0.0037 -0.0024  0.0053 -0.0116
 21 35 -0.0006  0.0049 -0.0010  0.0112 -0.0010 -0.0020  0.0043 -0.0157
 21 36  0.0002  0.0049 -0.0019  0.0140  0.0023 -0.0018  0.0034 -0.0194
 21 37 -0.0007  0.0047 -0.0028  0.0160  0.0036 -0.0020  0.0040 -0.0224
 21 38 -0.0013  0.0044 -0.0034  0.0171  0.0053 -0.0026  0.0047 -0.0250
 21 39 -0.0014  0.0041 -0.0042  0.0175  0.0068 -0.0031  0.0037 -0.0274
 21 40 -0.0014  0.0041 -0.0057  0.0180  0.0082 -0.0033  0.0027 -0.0292
 21 41 -0.0022  0.0044 -0.0076  0.0191  0.0078 -0.0030  0.0014 -0.0304
 21 42 -0.0025  0.0052 -0.0067  0.0209  0.0067 -0.0025  0.0015 -0.0308
 21 43 -0.0025  0.0062 -0.0079  0.0235  0.0048 -0.0020  0.0016 -0.0306
 21 44 -0.0024  0.0075 -0.0093  0.0265  0.0040 -0.0014  0.0009 -0.0301
 21 45 -0.0022  0.0089 -0.0113  0.0295  0.0029 -0.0006  0.0007 -0.0292
 21 46 -0.0014  0.0103 -0.0118  0.0319  0.0022  0.0003  0.0002 -0.0277
 21 47 -0.0014  0.0114 -0.0112  0.0331  0.0019  0.0012 -0.0039 -0.0252
 21 48 -0.0008  0.0118 -0.0113  0.0327  0.0024  0.0017 -0.0065 -0.0220
 21 49  0.0006  0.0116 -0.0115  0.0310  0.0023  0.0019 -0.0079 -0.0186
